budget
3861
per_unit_time_cost_of_each_machine
11 11 
job_processing_time_on_each_machine
3 86 
68 77 
1 8 
10 10 
4 55 
91 77 
66 34 
77 35 
per_unit_time_realse_of_each_job
170
39
93
65
13
122
63
4
per_unit_setup_time__of_each_machine
23 114 37 61 48 90 98 109 
103 72 15 96 109 118 120 25 
87 30 98 124 13 91 65 73 
59 49 118 64 26 2 118 32 
14 81 63 19 12 58 13 122 
81 82 80 113 31 5 72 13 
68 117 76 80 9 5 43 97 
85 73 100 72 118 96 34 44 

75 87 12 99 83 80 100 78 
8 107 117 7 71 51 5 103 
36 17 13 103 97 40 122 112 
48 49 8 93 80 53 111 102 
15 70 23 111 97 95 24 27 
56 74 12 37 45 5 65 114 
102 29 14 13 20 9 32 59 
63 30 76 39 87 37 51 61 

