budget
2258
per_unit_time_cost_of_each_machine
8 14 
job_processing_time_on_each_machine
16 13 
45 54 
22 43 
41 11 
15 88 
72 82 
76 39 
5 28 
per_unit_time_realse_of_each_job
102
58
80
150
33
123
9
152
per_unit_setup_time__of_each_machine
21 45 38 96 61 46 9 51 
47 86 38 55 82 34 46 58 
60 29 84 22 96 89 79 81 
69 55 22 77 80 3 70 23 
80 76 92 62 31 46 28 85 
99 57 71 51 25 82 70 88 
57 20 44 21 20 73 13 85 
80 41 26 4 92 61 11 57 

93 33 11 33 10 51 26 99 
67 12 59 67 47 70 36 96 
96 59 35 10 29 21 83 79 
18 65 61 15 27 19 56 74 
70 59 27 74 72 18 11 42 
81 32 28 1 31 29 33 98 
4 40 45 94 91 13 31 19 
82 8 55 95 8 78 71 51 

