budget
3816
per_unit_time_cost_of_each_machine
10 14 
job_processing_time_on_each_machine
47 11 
52 68 
36 27 
90 80 
57 85 
77 76 
95 4 
80 23 
per_unit_time_realse_of_each_job
34
70
178
66
31
60
169
23
per_unit_setup_time__of_each_machine
10 87 42 73 36 89 28 73 
41 105 104 61 117 117 50 24 
22 73 110 115 75 16 56 32 
15 105 30 60 6 39 87 93 
17 109 74 120 23 26 46 7 
26 116 69 35 56 31 36 40 
80 77 69 101 64 120 8 5 
108 80 50 53 123 9 84 60 

12 58 94 54 52 119 83 109 
114 17 59 37 106 76 102 76 
94 122 25 92 18 45 118 89 
12 32 117 99 99 46 104 21 
51 52 7 77 73 30 105 18 
63 7 13 56 95 92 112 55 
64 94 105 22 53 99 90 93 
33 70 3 81 7 34 45 79 

