budget
3630
per_unit_time_cost_of_each_machine
9 12 
job_processing_time_on_each_machine
88 97 
17 44 
79 29 
41 13 
53 51 
16 56 
52 24 
38 3 
per_unit_time_realse_of_each_job
233
59
50
169
90
73
37
27
per_unit_setup_time__of_each_machine
41 61 68 24 25 90 46 81 
72 10 25 89 43 87 69 72 
121 68 33 2 10 83 118 2 
91 76 61 6 89 13 122 60 
4 113 107 19 93 85 114 13 
73 82 82 84 103 10 27 50 
103 69 91 86 12 47 60 3 
33 95 15 111 24 52 51 100 

59 45 39 54 103 102 104 37 
65 20 31 44 22 46 57 23 
34 22 79 60 32 74 20 72 
77 68 65 53 79 30 48 39 
76 38 13 63 39 45 29 30 
60 14 23 110 6 17 39 41 
14 41 37 31 42 71 7 106 
45 71 82 64 121 36 98 28 

