budget
4825
per_unit_time_cost_of_each_machine
8 13 
job_processing_time_on_each_machine
76 2 
39 55 
64 82 
84 2 
61 50 
38 77 
90 92 
10 98 
per_unit_time_realse_of_each_job
127
26
30
65
13
28
123
19
per_unit_setup_time__of_each_machine
110 42 74 91 110 112 97 21 
88 54 81 52 23 108 7 28 
69 108 116 111 110 64 25 72 
66 61 91 35 116 96 37 39 
25 40 81 16 113 29 85 5 
12 111 63 109 15 38 31 92 
22 80 95 124 89 55 35 21 
46 2 10 94 42 78 16 92 

69 81 94 112 7 37 43 72 
92 49 13 98 44 66 75 77 
100 124 92 12 44 23 28 60 
121 112 57 92 12 86 109 59 
51 34 77 89 76 34 49 114 
64 49 74 35 30 60 13 2 
68 91 91 13 36 39 48 66 
91 107 67 66 51 28 42 46 

