budget
4781
per_unit_time_cost_of_each_machine
14 7 
job_processing_time_on_each_machine
73 57 
11 85 
54 18 
25 47 
90 68 
27 66 
92 78 
67 69 
per_unit_time_realse_of_each_job
68
99
52
43
74
165
168
205
per_unit_setup_time__of_each_machine
26 24 66 51 62 91 4 39 
22 36 88 55 14 13 81 70 
83 55 4 14 34 26 23 72 
77 29 44 24 58 40 69 34 
11 15 92 62 75 37 23 89 
43 55 69 39 56 88 4 69 
30 36 43 45 19 65 30 40 
9 39 92 85 34 26 45 29 

20 73 99 93 56 90 79 37 
67 98 75 48 17 17 51 44 
11 39 36 59 22 50 5 95 
5 75 1 53 21 64 80 75 
65 39 42 46 83 92 30 73 
83 74 61 95 37 44 67 37 
68 13 9 53 28 6 49 6 
34 6 42 88 20 38 13 43 

