budget
2558
per_unit_time_cost_of_each_machine
15 9 
job_processing_time_on_each_machine
3 38 
70 70 
7 66 
13 43 
35 86 
73 50 
83 27 
13 33 
per_unit_time_realse_of_each_job
8
27
4
34
7
28
23
28
per_unit_setup_time__of_each_machine
12 86 82 43 29 77 13 96 
37 33 71 94 18 89 13 95 
58 57 69 75 77 94 48 7 
18 48 63 65 66 50 56 33 
83 55 50 48 95 99 86 63 
53 68 84 71 94 55 78 61 
4 91 74 61 35 56 71 30 
65 97 5 46 68 25 46 77 

44 74 8 60 23 5 14 67 
74 54 59 30 22 80 35 48 
15 38 26 66 48 2 78 80 
79 2 35 15 44 74 20 46 
5 88 97 22 47 57 72 46 
55 94 55 73 67 31 61 89 
68 37 72 22 96 70 30 59 
32 12 67 7 56 85 89 80 

