budget
2048
per_unit_time_cost_of_each_machine
5 7 
job_processing_time_on_each_machine
31 31 
10 57 
64 51 
46 1 
34 51 
80 16 
83 84 
54 7 
per_unit_time_realse_of_each_job
40
94
90
45
38
92
11
93
per_unit_setup_time__of_each_machine
21 20 31 5 19 1 28 9 
29 33 24 4 45 43 13 39 
30 39 1 10 18 45 41 24 
41 14 10 9 42 7 13 15 
13 31 5 43 28 7 36 29 
32 1 34 31 23 49 37 45 
19 20 35 13 28 47 47 37 
28 39 17 12 27 12 43 39 

41 12 35 12 33 36 19 33 
3 1 22 22 33 12 27 29 
35 5 10 24 36 11 2 4 
34 33 17 1 33 46 15 2 
42 7 8 32 19 15 38 44 
44 21 49 47 27 25 12 16 
20 30 25 17 44 7 30 23 
10 11 27 40 31 34 4 45 

