budget
3569
per_unit_time_cost_of_each_machine
4 11 
job_processing_time_on_each_machine
66 91 
1 78 
2 83 
75 57 
72 88 
96 45 
87 19 
38 29 
per_unit_time_realse_of_each_job
227
9
380
189
211
106
187
414
per_unit_setup_time__of_each_machine
91 80 25 36 96 10 8 66 
86 11 29 16 47 99 81 43 
98 61 1 97 4 24 19 7 
42 16 93 5 61 99 71 4 
92 21 63 85 31 38 98 91 
78 95 37 7 48 94 4 23 
19 26 22 39 39 15 15 31 
91 54 48 23 95 64 89 85 

47 54 46 26 15 42 68 49 
52 84 69 92 60 85 62 9 
70 41 50 73 60 66 76 13 
88 92 86 41 56 62 71 73 
76 5 81 9 73 33 64 75 
77 46 8 11 42 65 62 62 
50 91 10 96 44 23 46 12 
31 6 56 97 8 69 67 98 

