budget
1520
per_unit_time_cost_of_each_machine
14 3 
job_processing_time_on_each_machine
94 1 
70 91 
19 81 
40 21 
81 20 
13 68 
80 99 
31 54 
per_unit_time_realse_of_each_job
11
39
30
19
18
12
22
14
per_unit_setup_time__of_each_machine
41 22 29 36 7 21 33 3 
24 30 21 44 10 25 27 15 
17 45 35 2 15 8 22 18 
48 39 26 8 11 23 41 37 
2 36 5 12 44 27 2 16 
38 26 32 2 9 49 40 22 
1 3 15 41 19 11 29 14 
45 6 25 26 26 11 37 3 

27 38 2 45 40 49 39 29 
30 17 27 39 28 7 29 46 
1 45 48 30 5 32 32 49 
10 35 41 17 5 39 46 27 
45 21 48 3 16 47 47 46 
39 9 19 21 12 1 39 34 
14 16 45 17 22 5 34 33 
43 41 47 10 3 18 34 33 

