budget
3122
per_unit_time_cost_of_each_machine
11 11 
job_processing_time_on_each_machine
60 41 
34 79 
42 93 
63 91 
24 40 
82 33 
38 30 
62 3 
per_unit_time_realse_of_each_job
31
11
18
13
37
3
40
25
per_unit_setup_time__of_each_machine
44 9 46 8 6 9 12 18 
31 4 38 43 37 13 8 6 
39 19 26 8 34 19 42 31 
30 48 10 41 24 42 31 38 
2 35 24 29 3 44 9 27 
12 45 29 16 10 31 39 8 
28 20 7 10 25 45 11 9 
1 10 45 25 14 38 25 42 

37 13 12 43 34 44 10 34 
46 1 23 42 36 42 23 21 
49 33 43 36 8 34 38 16 
1 17 22 35 48 15 8 4 
25 30 42 21 17 30 49 25 
49 15 31 11 31 35 17 35 
38 32 45 35 18 29 31 43 
21 13 18 23 39 9 39 22 

