budget
1624
per_unit_time_cost_of_each_machine
5 3 
job_processing_time_on_each_machine
1 16 
98 81 
39 85 
26 20 
78 62 
38 80 
25 69 
83 23 
per_unit_time_realse_of_each_job
108
120
70
101
110
108
79
72
per_unit_setup_time__of_each_machine
86 51 86 37 106 102 42 62 
86 13 17 123 92 94 22 75 
4 29 103 62 110 45 45 62 
54 108 122 100 91 106 70 22 
6 93 121 8 35 20 96 80 
120 53 110 83 32 50 69 113 
15 71 121 120 25 4 108 84 
76 6 94 77 106 20 11 13 

81 26 7 15 72 98 46 45 
31 65 12 62 75 53 30 59 
57 88 86 47 91 43 67 104 
99 80 13 93 106 9 71 60 
52 46 65 40 66 52 12 44 
35 31 72 21 100 9 70 74 
82 100 98 40 70 18 111 63 
10 59 20 60 85 71 97 100 

