budget
1617
per_unit_time_cost_of_each_machine
9 6 
job_processing_time_on_each_machine
53 90 
72 57 
49 5 
93 43 
22 5 
36 37 
4 99 
71 14 
per_unit_time_realse_of_each_job
219
97
94
108
152
149
166
48
per_unit_setup_time__of_each_machine
26 3 67 32 1 34 67 65 
42 50 21 34 29 61 95 5 
4 86 70 61 91 45 18 48 
26 13 67 69 67 12 66 88 
64 44 20 98 67 29 22 8 
8 45 64 23 89 46 20 63 
90 58 99 85 10 10 88 69 
70 18 35 23 18 71 26 68 

16 47 94 73 78 83 18 76 
48 53 44 75 46 79 89 31 
17 99 69 55 97 48 94 23 
10 67 83 99 24 87 43 5 
3 13 66 12 42 50 69 99 
48 99 60 65 52 74 33 97 
98 33 82 37 29 11 54 25 
68 60 88 32 58 21 3 20 

