budget
1532
per_unit_time_cost_of_each_machine
10 11 
job_processing_time_on_each_machine
15 60 
86 7 
50 63 
76 2 
12 31 
66 2 
43 81 
2 26 
per_unit_time_realse_of_each_job
38
97
44
212
186
31
82
63
per_unit_setup_time__of_each_machine
22 38 23 48 8 13 10 8 
23 38 46 34 5 13 12 41 
30 33 39 8 39 27 6 31 
6 37 4 7 41 1 1 42 
5 13 43 18 20 10 34 6 
27 22 3 12 24 43 36 48 
42 35 23 21 5 23 45 34 
43 15 27 27 47 19 45 42 

25 12 33 48 49 40 9 1 
48 23 31 42 8 7 25 43 
14 27 49 12 29 33 27 21 
26 30 1 24 43 16 12 14 
42 18 37 37 21 10 27 14 
5 11 23 34 30 24 49 26 
20 6 17 17 11 37 5 27 
48 36 14 23 45 40 18 25 

