budget
1304
per_unit_time_cost_of_each_machine
10 5 
job_processing_time_on_each_machine
60 33 
93 62 
85 13 
24 23 
56 36 
6 65 
62 47 
1 56 
per_unit_time_realse_of_each_job
69
75
171
29
172
247
177
69
per_unit_setup_time__of_each_machine
3 43 34 44 33 36 41 6 
7 2 27 18 12 4 34 18 
28 30 19 10 49 42 21 40 
33 19 42 39 36 18 38 10 
23 41 47 5 5 45 14 9 
36 49 24 28 17 20 15 18 
14 48 44 3 30 45 42 36 
5 31 43 46 40 27 47 11 

22 3 1 19 5 45 3 1 
48 4 35 37 3 4 38 46 
44 46 31 1 18 22 25 38 
26 21 45 42 33 33 28 32 
32 2 49 12 5 14 1 8 
12 25 46 10 17 22 21 2 
25 7 48 21 43 41 47 38 
43 30 4 20 12 28 25 44 

