budget
4747
per_unit_time_cost_of_each_machine
11 11 
job_processing_time_on_each_machine
29 92 
17 67 
96 64 
39 81 
12 39 
92 24 
24 79 
78 30 
per_unit_time_realse_of_each_job
32
336
49
166
78
368
237
69
per_unit_setup_time__of_each_machine
29 11 19 9 39 26 12 46 
16 36 36 46 18 35 7 15 
19 13 12 35 14 40 10 36 
22 2 8 43 8 12 3 38 
36 20 24 18 10 30 30 40 
8 31 1 43 31 24 4 30 
30 18 42 12 11 15 33 16 
8 28 41 24 37 21 1 45 

40 12 38 26 34 34 6 32 
20 47 12 31 5 42 32 39 
28 28 45 37 10 3 3 31 
24 36 34 11 3 2 22 20 
18 47 44 2 39 14 36 23 
34 6 47 33 42 32 8 3 
12 34 39 18 43 19 10 42 
14 8 6 20 10 27 9 2 

