budget
3611
per_unit_time_cost_of_each_machine
10 7 
job_processing_time_on_each_machine
45 61 
83 6 
4 72 
42 65 
84 75 
47 71 
19 53 
53 90 
per_unit_time_realse_of_each_job
103
337
138
169
265
197
310
97
per_unit_setup_time__of_each_machine
42 6 48 48 23 10 5 35 
17 8 19 20 44 12 12 23 
16 28 1 20 11 12 25 10 
15 26 23 30 4 33 16 41 
11 17 7 42 25 33 43 21 
34 44 11 19 26 26 12 38 
29 28 20 43 4 16 31 33 
29 19 30 32 44 16 29 35 

41 18 24 29 11 2 33 26 
44 30 21 36 20 16 43 34 
1 19 4 15 40 8 2 18 
32 4 8 19 13 7 8 41 
20 36 17 46 31 20 31 14 
29 12 3 16 45 49 36 15 
11 14 19 12 27 26 32 45 
17 8 28 17 23 12 14 49 

