budget
3093
per_unit_time_cost_of_each_machine
5 15 
job_processing_time_on_each_machine
14 90 
94 12 
50 2 
76 8 
80 23 
90 20 
38 4 
81 79 
per_unit_time_realse_of_each_job
21
42
27
85
53
60
38
42
per_unit_setup_time__of_each_machine
9 17 30 46 2 8 45 34 
13 12 40 14 12 3 25 11 
34 49 22 25 24 9 18 3 
42 36 39 17 31 31 5 39 
6 5 37 44 13 44 39 13 
11 17 5 29 13 4 31 16 
17 6 45 18 41 2 45 12 
20 23 42 42 37 32 14 15 

9 39 18 47 49 43 16 13 
46 16 12 2 25 49 30 14 
23 22 32 11 28 21 47 41 
2 25 17 40 1 48 8 7 
24 7 26 30 16 36 46 10 
6 17 31 27 8 28 28 46 
43 20 32 24 14 9 39 35 
24 29 45 7 38 43 20 28 

