budget
4022
per_unit_time_cost_of_each_machine
10 12 
job_processing_time_on_each_machine
87 26 
76 49 
52 82 
9 97 
14 23 
42 33 
6 31 
42 56 
per_unit_time_realse_of_each_job
229
37
206
9
185
100
26
58
per_unit_setup_time__of_each_machine
49 1 43 88 83 85 28 93 
47 99 62 90 75 13 47 86 
60 73 32 7 58 55 8 94 
36 19 50 78 7 89 48 60 
91 57 26 49 75 1 99 79 
69 77 56 41 70 48 30 72 
21 67 33 20 57 51 28 42 
45 24 1 43 9 48 18 18 

43 65 34 2 92 37 16 89 
28 15 70 43 81 22 27 25 
60 87 68 89 24 25 68 79 
30 55 9 36 37 7 47 88 
70 94 27 36 36 60 60 55 
6 37 99 85 15 91 38 13 
49 94 39 80 43 1 28 86 
29 74 59 69 24 39 7 41 

