budget
1944
per_unit_time_cost_of_each_machine
6 6 
job_processing_time_on_each_machine
38 26 
20 23 
34 37 
85 43 
61 67 
36 44 
17 28 
75 14 
per_unit_time_realse_of_each_job
3
28
2
13
6
3
3
18
per_unit_setup_time__of_each_machine
91 28 74 105 14 64 96 10 
114 6 56 30 67 76 101 116 
81 109 91 72 118 41 90 59 
96 4 38 68 110 34 12 68 
103 103 11 72 22 118 38 47 
31 3 109 13 30 25 46 48 
124 109 111 68 106 105 89 122 
25 76 43 105 22 35 71 63 

109 67 43 99 17 43 8 5 
57 72 99 79 70 3 53 22 
64 124 37 57 74 113 119 113 
102 84 52 72 44 48 27 24 
57 117 110 38 115 119 97 108 
111 21 17 71 80 30 41 13 
22 12 82 65 41 107 57 103 
7 72 97 34 111 58 1 1 

