budget
1699
per_unit_time_cost_of_each_machine
11 3 
job_processing_time_on_each_machine
1 1 
56 59 
22 32 
9 5 
30 68 
16 16 
26 18 
88 24 
per_unit_time_realse_of_each_job
85
33
26
35
8
77
113
53
per_unit_setup_time__of_each_machine
29 4 42 44 47 17 42 1 
11 25 26 22 32 30 44 14 
27 37 32 38 24 3 9 7 
47 30 36 46 32 40 36 25 
23 3 27 43 43 46 2 31 
42 33 2 8 44 12 10 23 
11 14 24 45 36 22 33 5 
31 45 38 42 27 4 27 37 

10 39 47 33 2 44 11 39 
49 23 16 29 16 32 46 36 
7 35 17 43 7 36 4 24 
15 11 37 15 41 35 4 25 
11 11 15 33 25 49 4 47 
37 33 2 44 48 45 46 29 
12 31 4 11 5 39 10 38 
48 23 14 43 8 13 3 33 

