budget
3526
per_unit_time_cost_of_each_machine
11 11 
job_processing_time_on_each_machine
41 3 
49 1 
46 37 
46 32 
25 88 
23 30 
80 44 
66 30 
per_unit_time_realse_of_each_job
27
32
25
5
8
21
32
29
per_unit_setup_time__of_each_machine
53 45 54 80 63 17 37 82 
45 93 5 38 43 54 91 78 
34 28 96 76 21 71 4 86 
68 62 17 32 74 69 99 49 
59 59 91 62 7 92 62 76 
99 70 83 66 97 7 93 59 
25 52 17 83 73 67 15 71 
15 78 45 98 26 76 98 58 

18 42 66 20 63 19 53 11 
30 36 55 45 3 96 25 34 
2 30 49 27 93 41 53 92 
82 29 67 10 89 24 56 55 
9 20 64 72 44 40 56 14 
20 11 26 34 58 95 41 6 
24 53 96 74 48 69 61 6 
86 47 52 22 70 69 72 21 

