budget
5421
per_unit_time_cost_of_each_machine
12 13 
job_processing_time_on_each_machine
79 58 
54 44 
72 29 
70 58 
69 33 
41 94 
90 1 
32 49 
per_unit_time_realse_of_each_job
86
341
142
59
300
388
82
329
per_unit_setup_time__of_each_machine
66 60 114 54 87 65 35 71 
11 26 97 6 13 119 88 118 
4 54 121 62 63 34 77 54 
42 67 57 26 4 88 66 42 
90 113 3 10 60 113 29 71 
46 55 23 31 58 119 10 6 
40 107 122 21 122 38 114 66 
2 9 56 83 32 117 88 103 

96 36 95 114 28 103 39 97 
110 115 25 67 48 23 110 2 
51 102 22 68 77 85 86 47 
38 111 60 107 78 6 16 107 
41 121 77 35 31 16 68 76 
89 32 16 36 31 92 47 40 
44 22 120 20 27 102 2 110 
71 60 20 89 109 13 117 38 

