budget
1984
per_unit_time_cost_of_each_machine
9 10 
job_processing_time_on_each_machine
2 39 
36 13 
61 75 
87 25 
45 86 
94 14 
50 22 
14 34 
per_unit_time_realse_of_each_job
3
130
59
211
181
108
233
162
per_unit_setup_time__of_each_machine
67 64 124 74 13 75 28 70 
33 108 1 35 66 8 71 69 
98 49 74 23 2 54 113 88 
84 89 84 1 101 54 65 47 
111 94 3 120 88 17 11 13 
7 95 99 11 102 21 107 83 
25 66 85 42 14 92 116 40 
42 93 73 83 23 105 38 56 

91 6 58 94 107 72 52 14 
35 114 15 17 13 31 95 123 
56 41 17 121 75 76 65 2 
46 112 23 31 36 80 118 75 
38 50 5 43 27 43 46 75 
116 24 117 105 78 5 41 47 
6 5 25 15 24 122 114 64 
15 115 43 116 104 31 1 33 

