budget
5772
per_unit_time_cost_of_each_machine
15 14 
job_processing_time_on_each_machine
53 47 
89 98 
76 36 
5 27 
23 57 
70 75 
15 29 
55 42 
per_unit_time_realse_of_each_job
18
49
36
1
107
63
35
2
per_unit_setup_time__of_each_machine
59 64 84 14 36 61 86 30 
19 10 77 68 13 84 11 82 
42 20 37 27 90 55 93 56 
59 67 65 25 73 29 30 59 
44 26 55 43 14 75 70 81 
18 64 94 21 69 67 31 46 
86 40 1 58 15 70 50 54 
14 72 86 95 86 8 75 11 

30 10 71 90 58 17 93 45 
90 74 31 74 65 1 92 12 
55 8 75 5 56 52 69 85 
16 95 78 98 86 80 67 37 
56 76 28 55 51 13 52 5 
58 50 27 70 54 96 31 43 
28 58 32 25 12 74 2 69 
79 68 13 83 93 58 46 89 

