budget
3075
per_unit_time_cost_of_each_machine
10 5 
job_processing_time_on_each_machine
48 60 
88 64 
48 46 
29 12 
41 58 
32 65 
62 40 
69 51 
per_unit_time_realse_of_each_job
29
38
23
24
18
33
12
7
per_unit_setup_time__of_each_machine
11 99 58 37 84 9 103 58 
118 106 85 63 21 23 71 118 
8 97 9 70 74 67 92 85 
55 63 44 20 95 53 5 123 
46 109 27 101 89 120 78 30 
52 31 92 7 109 55 49 62 
23 96 22 67 55 31 25 14 
83 17 84 67 16 74 26 110 

33 14 25 78 16 3 22 95 
33 107 7 38 16 48 47 6 
44 73 3 53 41 26 23 113 
90 39 7 12 72 121 99 21 
105 21 116 63 20 97 21 42 
20 32 64 12 27 90 94 30 
53 24 30 24 21 41 36 111 
87 33 77 4 83 60 40 107 

