budget
3273
per_unit_time_cost_of_each_machine
3 11 
job_processing_time_on_each_machine
85 65 
94 77 
45 41 
79 64 
31 77 
27 55 
49 56 
23 42 
per_unit_time_realse_of_each_job
88
109
31
41
173
109
84
183
per_unit_setup_time__of_each_machine
37 42 18 19 47 46 22 3 
11 1 14 15 8 19 17 16 
20 27 41 32 48 25 9 7 
46 23 43 39 46 49 20 8 
15 10 25 44 38 41 30 32 
32 43 44 11 43 3 25 46 
18 41 32 21 44 18 16 5 
45 28 22 17 45 33 43 49 

19 28 2 35 13 7 14 26 
1 37 34 48 13 30 22 5 
43 4 19 14 15 4 3 31 
3 23 4 16 20 35 10 34 
11 2 48 17 24 1 39 43 
22 37 6 12 14 36 34 25 
31 16 17 19 25 46 23 3 
32 26 11 21 21 43 26 44 

