budget
1202
per_unit_time_cost_of_each_machine
4 12 
job_processing_time_on_each_machine
92 7 
8 66 
75 35 
31 67 
76 54 
4 74 
36 62 
18 1 
per_unit_time_realse_of_each_job
106
310
141
146
257
167
182
44
per_unit_setup_time__of_each_machine
93 97 88 8 40 1 52 108 
105 77 54 35 33 110 88 56 
48 31 117 100 11 20 51 101 
5 100 87 18 65 75 68 42 
78 24 65 8 112 95 107 30 
14 2 59 108 109 37 47 116 
92 60 99 72 109 68 94 36 
43 76 82 60 75 62 104 63 

104 84 111 81 110 48 108 122 
38 64 6 41 116 62 47 92 
9 31 22 88 64 40 51 100 
103 53 28 81 33 114 93 124 
66 44 46 99 117 17 55 80 
105 118 120 8 35 63 14 48 
15 84 59 77 9 11 97 53 
74 2 21 48 107 111 29 92 

