budget
4155
per_unit_time_cost_of_each_machine
8 9 
job_processing_time_on_each_machine
71 54 
90 69 
1 63 
88 92 
36 73 
88 19 
97 39 
76 28 
per_unit_time_realse_of_each_job
119
125
33
42
141
2
91
106
per_unit_setup_time__of_each_machine
25 33 51 95 24 46 39 61 
93 47 58 3 96 98 98 49 
82 77 23 1 43 74 85 48 
89 78 34 69 90 14 24 53 
36 74 61 83 52 31 6 92 
32 60 39 61 15 60 46 59 
76 2 93 83 58 92 77 31 
1 3 4 11 15 99 81 79 

43 83 1 80 65 44 56 64 
68 29 8 99 74 73 22 16 
15 33 8 19 61 14 65 4 
91 25 66 1 9 35 17 96 
96 85 70 60 8 16 75 4 
92 59 21 16 47 89 58 11 
4 36 59 7 28 80 98 96 
55 37 23 12 27 29 75 45 

