budget
2831
per_unit_time_cost_of_each_machine
9 6 
job_processing_time_on_each_machine
12 80 
35 90 
17 52 
84 66 
61 94 
65 93 
94 86 
16 82 
per_unit_time_realse_of_each_job
194
273
76
233
340
460
179
91
per_unit_setup_time__of_each_machine
38 25 30 34 10 42 18 49 
16 86 43 69 43 9 61 54 
82 78 11 4 32 37 81 41 
99 2 52 92 78 24 53 69 
49 52 4 73 13 30 62 98 
2 69 45 92 41 21 56 39 
49 87 68 2 32 12 26 15 
52 65 76 55 43 89 28 83 

34 7 26 81 78 35 43 71 
17 67 2 59 96 9 75 77 
81 49 37 66 39 57 80 75 
81 86 63 23 12 74 41 95 
80 12 98 20 91 76 76 98 
40 14 81 37 77 44 87 42 
28 84 26 46 80 68 40 16 
83 49 36 2 47 72 89 91 

