budget
2064
per_unit_time_cost_of_each_machine
8 9 15 
job_processing_time_on_each_machine
32 8 83 
46 56 69 
53 33 33 
36 98 27 
59 36 54 
16 55 8 
51 28 2 
43 58 59 
per_unit_time_realse_of_each_job
85
103
162
30
179
69
46
55
per_unit_setup_time__of_each_machine
11 45 49 39 45 40 34 40 
15 1 28 38 30 10 38 19 
3 28 3 35 9 35 47 45 
45 22 9 9 7 25 46 43 
2 14 6 27 29 5 41 14 
20 10 3 34 27 21 8 3 
21 17 42 35 31 19 15 20 
32 25 12 10 39 43 30 19 

41 35 25 14 6 34 19 33 
31 22 12 38 45 17 30 24 
40 45 6 15 23 41 23 22 
5 35 39 29 8 45 6 23 
31 40 13 32 32 3 47 15 
28 22 40 37 37 21 19 16 
27 47 15 17 29 36 13 12 
38 20 34 45 8 24 26 38 

31 27 33 10 27 32 3 40 
9 12 29 3 9 45 32 13 
41 40 31 2 19 29 11 49 
30 29 42 19 26 24 6 10 
14 4 37 11 12 23 47 47 
27 1 6 43 10 5 1 32 
39 45 35 17 2 44 47 15 
17 46 38 47 7 16 3 5 

