budget
4979
per_unit_time_cost_of_each_machine
4 14 14 
job_processing_time_on_each_machine
69 69 85 
97 10 3 
57 77 63 
23 62 10 
51 81 71 
86 70 37 
99 1 27 
48 1 3 
25 91 3 
38 75 35 
per_unit_time_realse_of_each_job
78
68
39
81
78
41
90
79
23
20
per_unit_setup_time__of_each_machine
20 32 34 34 18 45 18 43 10 34 
40 49 23 9 39 31 21 39 40 27 
1 38 17 10 18 8 3 20 21 39 
24 2 18 24 23 1 45 21 14 40 
2 28 10 9 44 13 6 2 41 28 
21 16 33 39 39 46 4 43 45 31 
46 36 20 11 30 16 25 25 34 18 
23 9 32 13 28 22 30 15 36 28 
22 8 10 20 39 17 21 33 31 5 
48 4 34 11 39 8 25 45 47 38 

15 19 29 4 15 37 5 17 43 32 
42 19 23 22 43 10 46 41 32 15 
14 5 45 25 12 30 5 22 49 14 
45 42 40 9 41 23 23 14 3 6 
18 44 38 11 33 5 46 30 44 2 
40 29 29 30 35 31 23 43 25 46 
21 9 3 47 49 18 20 40 41 41 
34 34 13 33 22 30 43 24 47 10 
35 19 19 23 10 29 21 28 18 19 
1 3 8 44 40 49 30 19 41 46 

49 43 1 33 35 13 15 43 2 36 
1 36 4 43 48 4 42 1 5 33 
10 27 31 28 23 7 19 38 30 16 
39 19 18 30 5 41 41 40 38 8 
9 21 9 16 33 21 6 24 31 4 
37 20 43 47 17 37 31 45 1 41 
7 45 34 41 21 26 24 7 21 2 
5 32 20 11 4 29 33 13 24 8 
34 25 37 46 6 28 1 34 27 34 
33 18 16 33 10 23 37 13 41 47 

