budget
1190
per_unit_time_cost_of_each_machine
5 11 8 
job_processing_time_on_each_machine
8 95 35 
13 25 99 
60 24 46 
39 41 44 
88 5 31 
13 10 71 
31 74 50 
30 47 29 
per_unit_time_realse_of_each_job
42
37
8
53
35
50
65
61
per_unit_setup_time__of_each_machine
93 3 96 54 79 14 29 33 
1 8 56 68 21 58 19 98 
84 86 32 6 17 62 9 27 
17 95 23 67 60 38 62 1 
43 18 33 78 70 68 37 54 
44 59 88 37 25 84 19 68 
47 29 89 58 42 50 97 57 
66 13 94 6 84 16 73 42 

85 28 62 5 16 81 1 11 
74 66 99 48 80 26 76 64 
43 31 77 86 38 36 61 56 
43 57 66 13 18 23 35 15 
87 13 12 22 18 19 95 48 
28 96 55 71 48 70 93 50 
56 25 79 16 1 11 4 80 
48 96 7 46 61 24 30 42 

46 52 21 95 65 96 58 36 
74 17 33 52 73 59 35 12 
1 37 87 47 7 11 90 11 
20 94 98 35 7 28 3 73 
94 22 34 58 28 71 83 63 
20 88 19 5 85 76 20 60 
26 90 3 49 23 19 47 47 
28 13 36 79 23 93 53 76 

