budget
4476
per_unit_time_cost_of_each_machine
8 12 4 
job_processing_time_on_each_machine
49 72 36 
9 67 21 
20 31 79 
24 47 75 
49 33 87 
15 72 72 
74 70 73 
35 64 12 
57 29 36 
69 96 88 
per_unit_time_realse_of_each_job
12
21
23
2
22
16
4
9
10
28
per_unit_setup_time__of_each_machine
66 74 31 73 46 25 79 106 121 92 
111 73 42 75 119 44 114 74 27 53 
75 97 39 77 34 100 40 40 70 27 
103 66 69 48 72 113 55 5 102 52 
120 83 34 120 63 119 73 60 109 120 
53 115 114 69 18 1 82 41 9 77 
38 68 106 41 106 24 79 51 50 48 
88 16 120 64 88 118 53 37 32 118 
117 89 70 18 4 2 93 35 110 51 
27 27 35 12 39 122 60 76 120 62 

77 88 89 7 7 93 71 100 51 33 
12 116 103 70 105 32 33 3 31 13 
38 67 17 32 45 99 21 80 68 87 
55 75 9 72 58 117 77 77 34 38 
110 15 53 71 63 81 71 27 36 104 
27 1 65 52 67 52 99 55 71 46 
45 2 96 58 21 20 29 22 3 97 
101 68 53 120 124 79 52 21 70 4 
53 70 119 1 24 58 89 85 121 86 
19 21 68 99 120 43 19 61 67 102 

81 83 32 17 61 123 63 39 70 119 
95 58 50 16 86 27 22 73 31 102 
84 7 24 85 24 100 13 6 115 114 
72 104 18 114 59 63 81 32 47 29 
115 113 114 15 4 74 8 56 48 114 
9 78 36 79 26 122 22 1 12 82 
34 116 93 18 18 51 86 40 18 84 
117 111 61 10 44 73 70 12 89 115 
58 8 83 86 76 109 109 100 46 105 
114 41 44 13 108 2 71 120 21 73 

