budget
2028
per_unit_time_cost_of_each_machine
13 7 7 
job_processing_time_on_each_machine
90 99 55 
81 41 55 
53 28 77 
18 53 77 
60 17 61 
54 49 42 
85 88 38 
1 62 25 
per_unit_time_realse_of_each_job
70
40
22
25
106
189
89
15
per_unit_setup_time__of_each_machine
9 4 5 5 8 8 8 3 
3 2 8 5 7 6 3 6 
3 7 6 6 1 4 1 5 
6 1 1 1 8 4 1 3 
8 9 6 9 8 6 6 4 
1 2 1 2 8 8 8 3 
3 7 5 7 9 4 8 5 
8 8 8 2 1 3 4 5 

5 2 7 2 8 4 6 8 
2 2 1 9 4 7 2 7 
1 8 6 1 5 2 2 1 
8 5 9 5 9 2 4 1 
8 9 4 8 1 3 1 8 
1 5 3 6 5 4 9 8 
7 1 6 6 7 7 1 7 
9 8 1 5 5 5 3 3 

7 3 4 4 3 3 5 8 
7 5 2 2 7 4 4 4 
6 1 8 3 9 7 7 1 
6 5 4 4 9 7 1 7 
5 3 1 3 4 1 1 5 
7 2 2 3 2 2 1 5 
2 8 2 4 9 8 2 2 
1 7 9 5 8 3 1 5 

