budget
3151
per_unit_time_cost_of_each_machine
7 12 10 
job_processing_time_on_each_machine
16 64 52 
24 44 99 
74 12 16 
2 49 33 
24 18 9 
36 64 94 
67 58 12 
79 11 16 
per_unit_time_realse_of_each_job
30
28
8
63
19
27
43
50
per_unit_setup_time__of_each_machine
47 13 92 95 12 88 28 14 
44 20 59 14 55 95 10 7 
7 57 30 65 51 14 41 51 
99 84 76 95 88 25 33 16 
3 98 92 70 22 92 4 42 
19 22 31 62 27 12 8 47 
62 26 34 71 33 5 56 60 
35 97 42 87 43 50 25 8 

5 32 98 80 52 54 53 21 
46 77 35 39 36 54 16 94 
88 3 50 40 44 62 6 71 
51 16 70 59 66 46 82 78 
46 5 8 18 3 49 21 81 
95 38 90 62 99 44 42 96 
18 73 93 90 95 28 35 25 
4 33 51 11 37 51 61 34 

91 96 59 34 94 87 52 69 
17 39 63 12 58 39 92 13 
48 8 31 6 20 81 85 66 
27 30 24 99 54 40 15 83 
81 68 42 39 71 14 88 35 
25 3 64 25 71 30 69 9 
54 59 74 25 72 33 97 53 
26 68 75 41 42 20 95 52 

