budget
1790
per_unit_time_cost_of_each_machine
6 3 3 
job_processing_time_on_each_machine
98 40 35 
24 91 69 
65 18 98 
15 33 23 
44 65 11 
13 45 92 
70 78 83 
73 86 38 
per_unit_time_realse_of_each_job
191
51
180
88
223
138
132
261
per_unit_setup_time__of_each_machine
32 74 25 70 53 40 2 54 
100 73 100 103 61 90 115 93 
52 1 36 38 48 32 58 50 
23 81 74 39 10 107 2 36 
11 113 29 29 97 48 14 65 
60 109 59 24 74 87 51 85 
69 78 81 54 62 53 107 115 
22 41 83 69 3 114 5 28 

12 101 102 19 72 35 67 11 
88 70 52 53 60 17 50 43 
93 4 19 109 68 121 13 24 
73 96 34 84 48 94 35 99 
103 60 3 93 50 98 1 13 
16 123 107 20 15 21 9 100 
98 106 1 63 24 24 17 26 
59 21 24 48 14 48 96 91 

16 122 60 14 63 120 116 107 
84 80 81 23 79 55 7 58 
36 70 8 81 35 79 14 67 
22 38 40 73 37 103 33 74 
15 30 57 65 70 14 121 122 
43 22 121 64 43 14 120 7 
113 68 122 41 101 14 53 104 
68 111 110 80 25 76 29 35 

