budget
1993
per_unit_time_cost_of_each_machine
6 13 15 
job_processing_time_on_each_machine
62 5 93 
26 21 31 
72 8 26 
25 44 59 
83 7 10 
53 92 49 
57 39 99 
83 43 49 
per_unit_time_realse_of_each_job
24
18
30
2
13
48
22
12
per_unit_setup_time__of_each_machine
2 6 34 30 18 39 19 34 
25 2 22 18 21 34 1 27 
39 16 21 48 14 19 23 9 
32 6 8 41 48 8 28 32 
16 3 13 24 10 43 9 17 
20 4 29 27 48 12 35 33 
3 36 43 10 40 16 40 4 
40 12 14 25 19 25 41 23 

16 49 26 17 47 42 4 30 
36 12 20 48 7 8 2 30 
8 27 36 39 39 37 24 29 
44 9 33 21 2 9 3 46 
14 14 2 48 49 35 37 22 
4 8 6 41 35 41 39 34 
13 42 32 44 3 13 26 34 
8 10 49 40 5 30 45 28 

10 39 36 26 21 6 49 3 
36 23 17 28 24 36 49 4 
5 25 3 22 15 36 6 17 
32 1 3 34 28 28 14 32 
45 2 30 30 13 9 14 10 
19 47 27 18 42 33 7 21 
44 37 41 32 26 33 26 39 
11 26 25 27 35 32 39 22 

