budget
2792
per_unit_time_cost_of_each_machine
7 10 14 
job_processing_time_on_each_machine
80 29 5 
73 76 2 
63 77 54 
76 73 76 
81 86 64 
20 30 3 
39 33 89 
9 3 48 
52 19 33 
49 73 92 
per_unit_time_realse_of_each_job
94
58
83
94
13
46
64
51
99
48
per_unit_setup_time__of_each_machine
68 46 77 7 47 87 96 81 34 66 
13 35 41 2 62 59 49 23 79 12 
63 47 77 5 19 85 11 73 82 89 
15 73 20 86 99 65 66 95 87 12 
94 64 69 44 5 45 95 65 19 34 
26 93 28 83 93 33 60 22 6 96 
14 4 15 39 34 6 7 34 76 79 
10 63 31 19 10 31 47 17 50 97 
45 75 88 27 40 60 35 43 81 41 
96 97 10 29 78 41 55 38 58 2 

84 90 86 49 79 90 34 74 8 75 
20 44 35 99 77 58 45 21 45 78 
30 68 82 61 93 64 72 51 53 57 
16 64 70 65 85 39 3 70 36 62 
95 65 49 55 17 95 97 38 57 94 
17 39 78 65 55 78 62 97 15 95 
15 68 33 33 86 22 21 66 82 88 
8 92 94 17 26 37 43 87 56 30 
63 91 86 85 21 26 5 53 85 1 
65 63 52 13 63 22 54 66 53 20 

23 5 40 71 57 41 84 59 83 34 
53 4 25 11 41 39 71 78 22 97 
99 28 35 2 1 66 57 59 72 86 
92 49 49 17 19 16 9 37 10 47 
33 27 85 44 70 32 11 77 68 88 
90 31 19 19 79 17 13 37 59 80 
6 56 93 63 12 54 27 52 48 85 
30 87 10 93 49 39 7 21 74 40 
69 51 89 84 28 97 1 75 67 70 
13 31 92 33 58 30 78 83 44 15 

