budget
2010
per_unit_time_cost_of_each_machine
13 4 13 
job_processing_time_on_each_machine
88 60 98 
67 38 44 
73 80 15 
71 84 46 
73 68 49 
82 2 11 
60 80 57 
57 95 15 
per_unit_time_realse_of_each_job
211
184
113
96
203
34
1
92
per_unit_setup_time__of_each_machine
2 5 5 7 4 3 4 7 
9 5 7 3 2 6 2 2 
7 4 2 7 4 8 2 6 
9 6 2 3 7 3 1 5 
6 8 7 7 3 2 9 4 
6 5 5 8 3 9 4 5 
3 5 6 2 6 5 3 8 
3 8 4 8 2 7 2 2 

2 8 7 9 3 4 5 4 
2 2 7 7 4 2 7 6 
8 6 9 6 7 3 4 6 
7 6 1 7 1 1 1 1 
9 6 5 7 2 7 1 5 
7 6 6 8 7 6 9 2 
2 3 6 9 7 5 4 9 
2 8 6 9 3 4 5 9 

4 1 3 7 5 7 5 4 
6 6 8 4 1 2 1 1 
4 4 7 1 2 8 9 2 
3 5 6 1 4 8 1 9 
8 1 7 7 5 3 4 7 
9 1 9 6 6 6 8 4 
9 9 2 8 7 1 4 4 
6 4 8 2 1 7 8 5 

