budget
2371
per_unit_time_cost_of_each_machine
14 11 7 
job_processing_time_on_each_machine
23 12 2 
27 17 32 
26 85 64 
62 94 81 
36 67 12 
51 33 69 
98 2 54 
60 51 96 
per_unit_time_realse_of_each_job
139
188
106
77
57
87
66
70
per_unit_setup_time__of_each_machine
7 5 8 2 8 9 5 2 
6 9 1 2 4 3 3 6 
2 7 7 9 6 9 3 1 
4 1 8 2 3 6 7 9 
6 1 9 9 5 9 2 8 
8 4 5 9 1 3 6 8 
3 6 5 5 1 9 4 4 
9 4 3 5 3 3 7 7 

8 8 7 2 3 6 4 1 
1 5 9 5 8 6 6 3 
4 2 7 2 7 4 5 7 
5 9 3 3 6 7 4 2 
9 9 2 3 6 1 2 9 
7 2 3 3 7 6 1 2 
7 9 8 4 1 9 9 9 
1 2 6 4 6 7 5 7 

9 7 1 7 2 1 1 6 
2 9 1 1 7 3 9 3 
1 5 1 8 9 7 1 2 
3 1 5 5 3 5 5 4 
4 9 3 2 7 7 7 6 
5 9 5 7 1 2 1 1 
1 5 8 3 3 2 4 1 
4 9 5 8 2 8 3 3 

