budget
3890
per_unit_time_cost_of_each_machine
14 3 6 
job_processing_time_on_each_machine
45 15 7 
23 33 57 
84 64 21 
69 71 46 
64 97 57 
1 42 30 
10 30 60 
50 46 53 
13 71 95 
36 77 89 
per_unit_time_realse_of_each_job
63
33
47
80
41
3
15
59
89
60
per_unit_setup_time__of_each_machine
54 41 56 59 88 79 100 21 94 22 
12 113 105 55 86 34 23 114 63 73 
81 121 56 34 55 58 123 17 23 86 
84 123 3 10 43 21 89 12 57 88 
16 70 27 46 12 40 26 60 57 43 
45 40 8 77 43 52 87 104 37 76 
106 63 83 81 113 22 118 86 71 69 
53 80 104 119 2 44 124 15 28 116 
100 72 34 106 76 57 47 39 109 58 
55 88 31 26 81 17 39 37 39 23 

35 13 89 64 34 61 58 40 90 100 
111 54 47 60 18 8 2 16 114 103 
53 10 103 66 57 23 68 24 5 68 
23 92 37 22 45 65 54 88 83 30 
120 83 84 115 82 110 4 69 29 104 
52 87 111 11 3 49 1 46 73 25 
63 29 118 124 7 3 25 90 85 48 
113 41 77 69 11 31 93 72 53 26 
85 16 75 103 56 13 97 114 113 67 
36 53 94 13 116 103 59 56 12 72 

26 121 48 38 101 80 80 73 13 5 
57 114 34 104 30 60 104 83 123 57 
20 35 24 64 49 44 104 78 24 105 
120 22 10 48 87 20 113 53 114 98 
2 21 24 10 17 48 108 70 49 67 
57 77 90 92 115 61 80 79 39 37 
42 82 31 29 23 87 47 48 60 29 
67 9 14 12 106 73 17 64 74 76 
105 52 117 34 100 19 11 96 104 64 
113 59 62 83 54 44 67 120 76 29 

