budget
4387
per_unit_time_cost_of_each_machine
4 15 11 
job_processing_time_on_each_machine
43 25 66 
35 37 2 
42 20 50 
40 57 98 
94 8 43 
20 45 64 
99 10 96 
50 7 66 
84 27 93 
5 19 50 
per_unit_time_realse_of_each_job
173
99
100
44
11
147
142
136
22
150
per_unit_setup_time__of_each_machine
69 90 4 64 43 29 66 7 32 52 
88 82 71 112 79 6 94 54 6 80 
9 80 97 95 56 48 93 28 25 107 
76 71 98 38 56 93 2 117 110 26 
5 96 65 9 108 18 100 62 40 3 
28 124 101 29 4 62 124 91 104 27 
56 118 105 4 59 8 109 105 120 121 
34 85 116 99 33 21 100 21 67 40 
53 63 52 58 53 17 53 54 20 57 
112 74 45 35 115 96 83 39 48 15 

100 16 100 23 21 79 49 57 49 93 
102 7 34 109 57 10 85 81 118 65 
22 124 95 117 33 88 101 117 55 29 
46 4 55 82 1 80 86 90 109 74 
93 73 42 31 3 117 32 30 118 123 
117 27 30 102 97 61 7 6 81 59 
38 33 25 116 115 34 13 5 85 42 
89 108 11 107 83 58 70 71 121 60 
83 13 87 61 94 29 108 102 63 102 
89 8 4 119 73 98 79 110 23 74 

70 69 88 54 92 82 8 2 33 27 
71 120 52 73 52 6 16 76 90 83 
62 58 90 17 106 115 96 27 72 10 
37 35 87 69 119 72 106 98 54 119 
91 80 72 31 14 97 56 48 92 111 
9 81 31 16 35 80 90 73 96 86 
41 48 77 38 58 37 11 31 92 32 
78 18 37 89 2 124 64 23 11 28 
52 73 23 64 102 50 118 101 43 25 
19 44 10 37 96 118 86 73 62 63 

