budget
3006
per_unit_time_cost_of_each_machine
14 14 3 
job_processing_time_on_each_machine
63 34 50 
9 3 76 
51 23 13 
2 93 92 
72 41 35 
31 38 8 
50 35 1 
9 13 24 
per_unit_time_realse_of_each_job
138
91
93
110
46
31
23
50
per_unit_setup_time__of_each_machine
8 8 76 6 40 36 87 62 
78 85 12 90 17 1 64 55 
95 14 56 62 35 18 98 32 
38 37 50 65 49 60 36 48 
63 86 58 17 79 59 40 32 
6 18 77 77 10 73 82 41 
98 15 84 91 44 50 53 4 
40 5 29 41 84 73 20 60 

99 44 52 54 58 98 22 71 
53 2 53 37 68 79 97 36 
67 22 83 59 98 72 55 76 
7 79 93 50 43 40 82 32 
91 26 95 77 77 33 79 18 
88 14 85 4 70 64 51 89 
35 13 84 44 29 73 19 84 
9 21 33 1 80 66 78 59 

26 48 13 90 96 58 91 3 
84 1 7 57 53 94 20 46 
42 45 1 78 22 60 91 60 
27 64 22 45 13 78 5 37 
97 2 10 45 34 94 75 56 
29 82 34 25 10 57 18 47 
36 40 34 37 28 63 55 31 
51 15 19 83 15 24 89 54 

