budget
1792
per_unit_time_cost_of_each_machine
14 8 3 
job_processing_time_on_each_machine
48 97 2 
85 44 9 
51 92 64 
90 69 81 
83 49 99 
90 13 39 
86 6 84 
20 1 17 
81 43 73 
49 29 79 
per_unit_time_realse_of_each_job
12
30
36
102
324
157
200
13
196
166
per_unit_setup_time__of_each_machine
9 4 8 8 6 2 1 4 9 5 
9 8 9 9 6 2 5 4 8 5 
6 3 2 1 9 7 7 2 9 8 
8 7 3 6 8 9 8 7 4 9 
9 9 3 8 5 6 1 6 4 2 
5 1 6 9 5 7 9 6 9 4 
3 6 6 3 7 7 1 7 5 8 
7 8 9 8 2 3 8 1 6 2 
6 6 6 2 3 8 4 6 4 9 
8 2 4 2 8 9 2 8 7 7 

8 1 2 4 1 7 2 4 9 5 
5 4 1 7 6 9 5 1 6 6 
9 2 9 3 4 8 4 9 9 2 
1 1 3 2 5 7 1 8 7 2 
4 7 1 9 8 4 9 7 5 7 
8 5 9 3 2 9 5 2 8 3 
3 8 4 1 2 6 4 4 4 9 
3 5 5 9 3 8 4 6 2 8 
2 1 9 4 5 8 8 5 8 7 
8 8 3 1 8 2 2 5 5 1 

2 1 3 9 1 2 4 3 3 3 
4 8 4 3 5 7 1 5 7 1 
1 1 8 5 8 3 1 3 9 8 
5 2 9 3 5 2 8 5 9 7 
2 7 8 5 4 6 9 5 1 3 
9 2 7 8 1 3 6 5 4 3 
4 2 7 4 4 5 6 9 5 1 
1 1 7 6 6 5 2 4 7 3 
6 7 2 6 5 7 8 6 5 4 
1 8 6 6 6 3 3 8 1 4 

