budget
3238
per_unit_time_cost_of_each_machine
5 7 7 
job_processing_time_on_each_machine
85 46 27 
59 78 91 
50 23 82 
41 2 36 
55 66 66 
91 21 30 
19 38 71 
99 58 12 
46 65 58 
25 57 87 
per_unit_time_realse_of_each_job
60
236
138
221
212
270
133
278
166
74
per_unit_setup_time__of_each_machine
26 30 42 14 9 27 24 33 24 31 
47 21 26 24 42 44 36 17 47 31 
7 22 17 44 15 36 28 46 13 31 
37 45 34 42 14 5 13 13 19 18 
17 5 12 32 36 24 11 36 41 20 
5 28 1 12 32 21 20 5 41 39 
28 49 33 15 6 6 12 46 5 38 
39 34 17 1 27 20 22 8 44 48 
32 43 31 48 29 48 29 48 37 24 
17 1 48 34 11 26 13 26 39 8 

14 40 46 42 28 40 9 23 41 40 
34 29 21 23 35 38 40 40 9 24 
40 30 43 27 22 23 16 49 38 48 
34 23 6 13 28 37 35 38 40 9 
12 33 31 24 25 36 11 5 24 18 
48 25 32 47 5 1 22 47 47 13 
43 17 44 33 11 46 15 14 20 43 
30 14 6 28 42 11 32 35 19 2 
42 3 3 4 23 16 19 3 5 35 
8 31 45 29 3 29 6 23 1 12 

38 7 20 35 38 38 28 8 21 37 
48 29 33 6 44 46 7 36 13 34 
21 10 38 2 42 34 10 37 7 11 
32 47 10 33 11 32 43 20 25 40 
16 21 7 40 20 22 21 5 12 3 
24 36 14 38 20 25 29 43 16 7 
2 21 23 19 14 26 35 36 37 39 
46 22 45 30 32 30 5 42 9 44 
33 16 45 18 32 32 3 30 12 43 
29 22 33 22 13 15 34 18 24 38 

