budget
3838
per_unit_time_cost_of_each_machine
11 7 13 
job_processing_time_on_each_machine
16 66 86 
46 56 67 
36 9 38 
6 7 36 
43 38 71 
46 50 58 
11 49 17 
82 55 66 
per_unit_time_realse_of_each_job
46
15
45
81
87
60
94
13
per_unit_setup_time__of_each_machine
7 45 18 8 119 42 77 27 
112 19 92 99 84 40 94 101 
78 101 65 23 118 36 99 22 
103 1 5 124 24 85 40 23 
21 35 106 19 108 15 71 17 
84 76 89 17 105 53 97 41 
76 2 87 106 111 80 67 98 
104 6 121 50 11 101 57 119 

30 78 84 96 105 11 111 58 
57 48 9 10 79 38 103 18 
32 37 58 22 112 117 29 41 
26 10 47 53 3 61 31 91 
5 115 74 6 92 52 41 33 
105 110 75 71 71 87 34 31 
79 65 29 116 89 69 112 7 
92 1 48 122 124 122 84 71 

50 80 29 82 23 48 52 123 
106 124 65 67 112 53 92 37 
21 1 45 52 36 78 106 11 
74 115 67 4 3 78 97 52 
9 118 80 123 29 69 62 55 
99 5 57 24 74 42 22 3 
12 35 74 49 71 114 117 118 
36 109 6 92 39 43 18 78 

