budget
3502
per_unit_time_cost_of_each_machine
9 7 4 
job_processing_time_on_each_machine
67 82 62 
59 61 45 
68 99 76 
34 44 9 
60 12 32 
20 66 5 
64 66 41 
60 67 15 
26 99 97 
70 14 74 
per_unit_time_realse_of_each_job
206
88
9
161
179
209
134
159
71
72
per_unit_setup_time__of_each_machine
24 10 2 13 16 18 41 41 24 44 
5 49 48 16 14 12 5 1 37 7 
4 13 5 20 48 30 26 7 29 46 
38 47 33 29 44 46 35 44 47 47 
3 44 24 9 27 8 10 17 34 23 
42 42 1 5 48 6 3 40 49 13 
23 12 39 11 5 29 12 15 24 2 
12 25 27 31 23 32 38 44 29 20 
37 41 40 22 6 46 17 20 6 22 
29 9 6 36 31 11 11 9 36 7 

36 16 3 44 13 21 5 42 32 26 
14 16 5 20 32 24 33 49 26 47 
47 42 28 5 8 35 39 22 45 19 
17 21 26 31 45 44 10 13 43 34 
8 10 32 25 9 45 41 1 41 26 
42 25 36 21 2 18 13 28 36 34 
14 17 21 23 28 9 33 2 36 18 
40 48 33 30 14 17 23 11 17 23 
14 45 43 17 28 36 11 32 8 5 
19 13 41 25 25 26 14 38 41 16 

49 20 3 43 40 13 48 3 3 38 
9 31 1 20 31 39 27 40 24 21 
32 16 24 12 38 35 31 49 21 37 
13 15 35 25 9 47 24 28 17 5 
47 43 39 12 28 14 44 18 19 18 
16 8 39 34 22 36 10 2 27 19 
42 17 21 41 4 38 3 23 48 11 
46 11 19 40 46 31 3 45 48 10 
11 6 26 40 2 10 37 6 9 1 
41 46 47 32 44 49 25 1 23 3 

