budget
5630
per_unit_time_cost_of_each_machine
14 15 11 
job_processing_time_on_each_machine
3 99 8 
67 41 13 
35 54 97 
24 40 72 
63 82 69 
81 47 29 
29 7 51 
74 96 38 
per_unit_time_realse_of_each_job
97
123
43
79
104
107
87
17
per_unit_setup_time__of_each_machine
55 64 83 22 58 40 23 39 
87 21 32 98 59 49 59 57 
33 86 50 47 39 21 46 89 
58 23 56 27 74 60 55 64 
83 76 86 85 67 42 43 72 
12 87 97 40 93 44 36 55 
97 66 12 47 98 85 32 59 
63 71 2 64 21 36 57 90 

38 67 1 86 58 23 52 52 
45 75 65 88 72 28 92 73 
23 11 64 36 26 59 56 19 
87 96 14 1 64 19 19 92 
24 86 43 49 29 61 94 28 
20 53 97 29 7 34 7 58 
43 80 89 35 24 5 3 88 
45 31 73 72 76 79 6 39 

9 11 63 96 89 6 95 89 
33 15 92 46 22 66 37 2 
56 65 8 65 8 59 42 35 
10 30 92 13 35 58 72 46 
20 38 47 46 57 77 67 81 
38 74 81 21 49 3 29 44 
17 69 68 46 98 27 28 72 
14 66 23 48 25 69 54 77 

