budget
5089
per_unit_time_cost_of_each_machine
12 11 4 
job_processing_time_on_each_machine
89 73 46 
49 35 73 
93 7 49 
21 34 84 
81 65 74 
46 12 81 
89 29 33 
70 9 92 
52 73 62 
34 63 98 
per_unit_time_realse_of_each_job
158
155
72
135
24
123
31
37
9
77
per_unit_setup_time__of_each_machine
8 24 19 11 15 41 3 26 29 24 
8 45 33 15 6 2 7 33 22 32 
32 42 19 16 6 13 46 3 7 40 
22 11 4 22 41 47 47 12 8 49 
34 8 33 33 35 46 39 39 35 40 
26 15 43 26 29 21 7 24 2 49 
47 27 17 11 44 21 40 9 4 33 
6 1 16 15 31 26 21 23 24 35 
43 24 41 43 44 4 10 32 47 26 
40 41 48 25 33 8 22 37 34 21 

32 28 4 6 21 27 32 45 21 43 
10 7 38 41 26 42 22 35 12 31 
9 22 5 2 37 19 34 18 48 11 
8 5 32 23 23 37 26 38 37 30 
30 47 38 6 9 22 40 39 26 7 
8 9 49 2 49 34 38 28 18 17 
15 35 9 34 16 17 23 17 1 46 
20 23 30 25 26 34 3 16 11 19 
18 8 18 15 15 11 11 21 14 25 
16 6 7 38 28 2 7 11 34 3 

45 7 37 45 39 27 47 40 43 3 
14 17 33 39 43 15 38 16 23 12 
3 17 47 19 18 4 7 14 2 21 
45 35 20 43 19 36 27 10 48 31 
14 10 33 37 18 32 37 4 23 39 
27 21 40 6 47 14 18 1 2 45 
25 25 18 18 22 31 38 25 46 17 
33 29 15 8 49 38 35 25 30 29 
30 37 40 43 27 15 15 10 49 29 
12 38 35 16 43 16 23 32 44 48 

