budget
2718
per_unit_time_cost_of_each_machine
11 5 14 
job_processing_time_on_each_machine
7 12 19 
31 49 24 
57 6 8 
41 37 59 
8 39 18 
7 81 45 
89 3 21 
69 20 4 
per_unit_time_realse_of_each_job
14
83
20
18
66
79
38
78
per_unit_setup_time__of_each_machine
29 6 8 5 9 11 32 17 
43 7 40 27 48 22 38 33 
40 29 14 43 28 17 26 11 
29 33 41 36 49 18 49 40 
31 17 8 39 17 9 27 48 
29 41 17 3 16 1 19 12 
28 32 6 24 25 17 31 8 
22 27 38 31 23 35 36 47 

24 16 45 19 1 14 49 44 
24 34 48 10 37 12 6 12 
28 45 47 24 13 10 1 27 
7 13 43 6 16 33 19 12 
47 38 10 27 1 6 35 9 
28 3 24 12 38 36 37 40 
8 44 48 3 10 35 9 29 
32 19 8 14 46 25 2 33 

38 37 17 35 26 35 23 11 
48 10 23 20 20 26 6 27 
34 31 45 6 12 31 3 33 
40 25 36 23 28 41 22 40 
40 15 1 27 8 1 29 28 
39 29 26 30 25 5 34 41 
16 38 19 19 27 20 3 36 
7 49 16 25 6 48 18 46 

