budget
2637
per_unit_time_cost_of_each_machine
10 15 5 
job_processing_time_on_each_machine
73 86 44 
89 48 71 
8 34 13 
63 42 97 
42 60 49 
29 72 72 
85 35 90 
51 21 98 
per_unit_time_realse_of_each_job
155
83
204
159
109
81
219
233
per_unit_setup_time__of_each_machine
8 8 9 8 6 2 7 1 
1 9 5 9 9 8 2 9 
7 3 3 8 2 8 1 9 
8 7 4 9 7 2 5 5 
4 6 1 7 7 6 2 2 
8 9 5 2 1 2 3 3 
8 9 4 7 2 3 4 2 
4 5 4 7 2 3 5 9 

5 9 9 6 6 2 2 1 
9 8 6 9 2 8 9 7 
4 4 8 5 5 4 6 8 
6 4 6 8 2 4 7 7 
9 6 5 4 7 4 3 4 
5 6 5 3 2 2 7 9 
5 5 9 7 5 3 7 6 
6 3 7 7 5 1 9 1 

8 7 7 5 4 8 8 7 
2 1 5 8 1 3 2 3 
2 6 1 8 6 8 9 9 
7 4 2 3 6 1 2 6 
5 8 3 8 2 9 6 5 
9 9 2 2 8 4 5 5 
4 6 4 6 1 2 9 7 
6 5 3 4 3 5 4 1 

