budget
2491
per_unit_time_cost_of_each_machine
11 5 4 
job_processing_time_on_each_machine
89 19 15 
27 87 64 
34 52 13 
39 16 12 
12 15 58 
54 65 21 
77 29 87 
1 72 29 
per_unit_time_realse_of_each_job
124
87
76
137
43
6
150
73
per_unit_setup_time__of_each_machine
43 2 31 24 34 43 2 11 
48 14 13 3 6 36 18 10 
1 3 23 8 30 32 4 19 
37 39 28 15 40 14 4 2 
12 1 47 22 45 31 32 15 
45 43 5 13 36 30 23 33 
5 15 39 33 16 40 10 12 
22 28 14 37 12 27 13 11 

42 46 9 7 25 3 6 15 
22 37 31 13 19 10 46 41 
5 9 24 5 13 5 18 23 
40 8 39 3 43 20 41 18 
39 41 32 40 28 21 39 23 
24 34 31 12 42 44 47 28 
23 48 25 43 46 35 14 19 
15 25 6 17 34 30 21 2 

20 5 46 1 22 48 10 48 
34 21 31 14 36 29 7 27 
9 32 1 30 10 31 48 12 
44 14 15 25 24 34 2 8 
5 10 38 4 6 7 48 18 
18 45 19 15 34 5 44 10 
16 35 46 40 23 1 21 21 
31 29 4 11 8 2 29 26 

