budget
4939
per_unit_time_cost_of_each_machine
14 7 14 
job_processing_time_on_each_machine
98 22 8 
66 26 21 
17 14 37 
78 18 98 
58 8 8 
8 11 29 
32 81 26 
64 42 49 
4 77 82 
16 57 7 
per_unit_time_realse_of_each_job
87
14
10
116
6
52
104
75
47
53
per_unit_setup_time__of_each_machine
2 8 5 2 5 1 5 8 5 7 
8 3 6 8 8 6 9 8 7 2 
5 6 9 9 3 6 5 8 4 1 
6 2 7 1 4 9 2 4 8 5 
4 5 1 4 6 8 3 8 7 7 
4 1 3 8 9 2 9 6 5 7 
5 6 6 4 1 1 8 3 4 9 
2 7 8 3 8 4 3 4 9 1 
5 2 7 5 2 9 2 4 5 1 
7 8 6 4 6 5 5 5 6 6 

3 8 3 1 7 5 1 5 9 9 
1 1 6 8 7 1 7 8 8 6 
1 2 2 1 3 7 4 4 7 4 
6 6 1 2 7 2 2 9 3 5 
9 6 5 4 5 7 3 6 1 2 
3 5 2 1 2 8 9 1 9 2 
4 4 6 2 4 8 8 3 4 3 
5 9 8 3 2 3 9 5 3 2 
2 2 4 1 1 1 6 4 4 5 
8 6 6 4 3 4 8 2 9 2 

8 4 7 4 7 4 8 9 2 2 
9 1 3 4 5 5 1 2 6 8 
4 8 2 9 9 3 4 9 1 3 
4 9 3 8 1 9 2 8 3 1 
5 4 2 8 7 1 3 9 7 1 
9 1 1 2 8 8 1 9 3 5 
2 4 2 2 1 5 2 5 5 1 
2 6 6 4 2 5 8 8 7 5 
1 7 7 3 5 3 8 8 9 3 
3 2 1 6 4 9 4 3 7 9 

