budget
2212
per_unit_time_cost_of_each_machine
3 8 3 
job_processing_time_on_each_machine
85 40 29 
66 96 63 
3 78 90 
8 7 79 
57 82 51 
88 41 62 
8 55 66 
31 24 95 
per_unit_time_realse_of_each_job
113
80
79
239
36
55
22
6
per_unit_setup_time__of_each_machine
39 48 23 106 8 15 103 50 
102 51 77 13 101 62 30 95 
40 19 84 105 19 90 57 64 
9 51 60 80 39 61 75 124 
81 64 111 61 36 81 57 122 
61 45 43 83 69 33 55 35 
110 28 90 38 85 29 111 55 
12 67 72 16 78 94 114 7 

25 12 41 9 111 59 118 26 
23 77 121 68 18 2 25 71 
117 4 110 84 118 17 25 52 
23 100 105 8 118 113 13 43 
50 70 113 76 44 54 47 64 
49 6 123 81 31 1 64 28 
10 112 124 33 110 85 17 93 
70 70 6 28 34 34 2 19 

121 49 111 84 8 89 54 33 
107 120 116 46 85 110 40 122 
109 78 28 79 68 1 21 12 
28 18 95 52 59 34 116 117 
109 58 43 78 2 77 72 121 
72 87 86 23 111 46 33 61 
85 32 6 115 108 70 24 71 
54 44 80 32 9 116 74 39 

