budget
5189
per_unit_time_cost_of_each_machine
12 14 5 
job_processing_time_on_each_machine
52 58 67 
93 93 80 
37 32 66 
42 23 54 
63 87 36 
46 76 87 
20 56 13 
85 83 96 
12 3 76 
11 4 7 
per_unit_time_realse_of_each_job
93
66
116
38
167
67
155
159
139
104
per_unit_setup_time__of_each_machine
45 35 48 45 34 15 20 56 66 96 
12 65 28 37 57 90 45 42 36 87 
48 25 51 36 47 98 73 61 15 82 
87 28 56 25 21 94 35 50 84 10 
76 5 32 7 89 21 37 69 22 81 
13 49 23 91 65 8 91 36 11 38 
10 54 44 59 31 86 84 42 13 25 
12 38 86 41 68 95 30 7 85 20 
46 79 12 58 23 90 49 76 57 76 
29 6 37 5 25 29 49 56 8 65 

14 79 53 54 28 95 28 77 82 73 
38 18 70 51 60 6 41 20 87 47 
97 37 46 79 28 18 53 51 37 30 
75 76 79 65 36 60 74 15 45 36 
75 14 96 20 96 73 7 22 68 81 
44 14 13 98 6 9 10 90 18 26 
67 63 99 20 48 38 55 38 50 8 
69 87 33 24 39 71 69 78 22 68 
92 91 49 53 47 96 70 77 5 23 
83 40 63 70 10 75 55 70 79 59 

22 40 77 83 78 16 17 95 84 61 
99 43 96 71 9 24 92 27 27 3 
35 33 84 61 87 25 62 57 31 40 
50 73 9 39 65 9 30 4 50 9 
79 76 52 75 61 56 2 73 90 45 
81 39 19 40 29 44 57 60 31 15 
10 32 81 20 72 87 51 83 4 18 
32 3 44 36 17 35 64 86 72 29 
28 68 65 71 68 76 96 27 32 68 
14 30 12 45 55 20 23 34 75 59 

