budget
6133
per_unit_time_cost_of_each_machine
8 13 14 
job_processing_time_on_each_machine
31 19 67 
35 23 59 
72 48 6 
38 82 93 
70 24 23 
76 41 95 
54 57 32 
53 88 13 
19 7 61 
12 50 99 
per_unit_time_realse_of_each_job
1
30
13
30
31
14
28
19
27
5
per_unit_setup_time__of_each_machine
42 7 8 23 47 31 41 2 12 14 
39 20 27 32 37 22 20 40 15 36 
13 17 5 18 7 17 16 32 49 28 
4 45 39 4 4 13 3 46 29 3 
16 31 22 30 5 43 7 8 47 15 
24 20 8 8 44 39 43 8 49 27 
43 40 39 34 19 43 41 48 24 26 
16 8 43 29 23 34 25 32 36 1 
8 34 41 38 48 7 35 20 41 39 
41 4 10 38 3 5 19 39 8 36 

19 5 5 22 6 48 6 22 45 28 
32 33 7 38 13 48 32 41 1 40 
12 1 43 10 28 10 12 26 25 36 
32 11 2 30 42 5 15 3 3 24 
26 27 2 6 25 28 10 39 42 36 
35 22 44 28 20 25 44 22 26 35 
40 41 23 38 33 20 7 25 45 12 
23 30 27 41 33 48 35 38 10 29 
30 32 21 10 25 4 21 22 28 42 
25 36 30 29 46 4 9 5 13 4 

24 9 19 9 13 9 29 46 22 38 
30 31 17 26 11 46 5 43 45 3 
15 44 26 43 21 12 6 11 37 28 
21 45 3 30 9 47 18 24 38 8 
6 19 34 1 44 38 44 38 2 47 
13 2 14 1 41 45 9 10 36 17 
4 17 45 19 34 15 16 26 46 15 
11 1 38 4 8 2 11 19 10 5 
43 14 31 32 27 4 11 18 34 12 
1 24 48 21 16 6 37 5 30 7 

