budget
3717
per_unit_time_cost_of_each_machine
6 10 13 
job_processing_time_on_each_machine
27 61 95 
5 2 21 
48 93 62 
27 5 65 
35 39 33 
14 67 26 
35 97 80 
18 88 63 
per_unit_time_realse_of_each_job
40
38
69
2
51
81
51
53
per_unit_setup_time__of_each_machine
108 13 104 48 32 92 47 10 
92 104 92 64 42 103 71 31 
81 49 88 23 60 4 4 71 
66 47 46 114 98 16 87 21 
112 83 66 122 1 117 78 20 
75 122 20 100 5 111 1 91 
66 46 36 41 87 49 40 94 
114 53 5 59 96 72 59 103 

19 10 87 34 100 89 93 6 
43 70 29 24 93 57 54 105 
121 72 83 102 10 116 84 69 
67 101 89 92 56 83 82 99 
120 17 22 97 116 101 56 47 
107 120 79 25 26 115 8 65 
62 2 54 1 16 112 12 63 
72 119 115 119 53 78 106 65 

68 64 33 55 111 95 35 73 
24 20 62 3 113 77 84 59 
2 96 11 19 45 38 52 117 
18 112 109 66 72 84 64 92 
30 32 119 43 121 66 46 110 
29 123 110 33 74 14 47 118 
101 7 43 116 43 13 36 27 
121 3 92 94 96 30 81 121 

