budget
5525
per_unit_time_cost_of_each_machine
9 14 8 
job_processing_time_on_each_machine
13 54 91 
71 70 74 
81 75 59 
25 84 77 
7 75 5 
79 99 22 
10 35 76 
19 9 86 
35 19 24 
50 40 63 
per_unit_time_realse_of_each_job
167
179
139
133
208
88
208
220
13
175
per_unit_setup_time__of_each_machine
4 43 96 106 8 68 64 59 96 84 
38 36 81 94 77 18 22 116 82 79 
26 116 61 18 100 22 68 62 78 51 
58 55 78 74 93 69 34 89 67 85 
47 66 25 77 1 78 30 95 96 61 
34 77 89 8 26 91 23 124 27 29 
124 120 13 79 81 44 63 55 57 22 
63 66 80 49 67 53 83 29 50 41 
46 95 19 93 42 65 104 23 72 115 
98 33 6 103 68 77 120 18 41 19 

29 48 78 26 99 55 80 46 5 59 
25 41 44 16 81 27 96 86 28 70 
75 84 62 113 14 93 82 12 91 124 
84 85 114 27 13 82 76 46 115 24 
85 19 65 86 86 96 35 72 86 53 
57 20 120 87 30 74 65 14 40 1 
86 62 75 50 97 87 82 33 87 115 
28 89 49 94 91 76 19 117 21 122 
118 24 48 30 23 36 64 103 95 29 
22 3 20 31 71 61 32 4 5 84 

61 81 93 51 80 116 30 91 106 18 
104 56 107 112 77 99 73 59 28 60 
5 104 43 34 68 117 51 3 32 101 
25 29 120 46 71 101 74 29 52 24 
24 114 88 39 113 77 95 68 72 107 
19 97 61 69 60 110 3 62 12 78 
18 39 19 3 25 56 117 104 107 109 
113 74 22 14 36 97 68 102 86 23 
17 74 57 39 56 25 124 88 78 83 
121 104 84 122 18 75 73 5 85 27 

