budget
2167
per_unit_time_cost_of_each_machine
5 6 5 
job_processing_time_on_each_machine
60 12 12 
53 18 79 
16 45 6 
38 69 28 
21 94 83 
35 31 19 
1 30 22 
64 84 29 
79 17 80 
1 29 65 
per_unit_time_realse_of_each_job
50
53
134
1
100
67
34
24
183
19
per_unit_setup_time__of_each_machine
1 1 83 43 45 7 14 69 63 74 
71 20 40 84 67 31 87 59 90 11 
12 70 25 76 5 29 1 79 34 31 
17 31 98 41 3 6 34 11 26 94 
17 98 48 47 73 90 17 62 23 1 
87 12 66 29 1 21 75 81 53 96 
37 99 40 44 65 37 79 33 9 7 
89 76 66 40 61 95 39 95 67 92 
39 37 55 30 84 44 78 56 73 42 
7 36 10 49 62 59 51 9 28 62 

31 94 83 53 70 93 3 74 93 9 
63 67 85 15 34 17 91 10 42 8 
1 80 28 66 26 36 78 53 93 21 
18 55 94 69 96 35 73 2 18 10 
26 40 59 1 84 24 25 45 47 22 
84 71 44 13 47 74 88 17 98 79 
11 91 81 95 24 24 26 4 6 54 
18 51 60 90 15 81 53 3 88 5 
48 71 9 16 74 98 50 76 40 45 
40 61 10 82 7 86 83 46 78 15 

79 84 68 74 55 64 5 70 84 37 
45 13 22 45 26 79 46 51 86 1 
55 68 29 94 76 98 46 52 69 23 
71 92 91 77 96 72 1 56 8 96 
62 57 74 7 32 29 56 76 2 24 
61 6 45 35 99 45 86 98 7 44 
10 39 29 36 25 62 90 59 25 64 
15 63 50 44 15 46 77 2 32 89 
61 21 40 66 51 88 1 54 96 83 
56 32 72 71 87 13 45 15 93 74 

