budget
3702
per_unit_time_cost_of_each_machine
3 4 13 
job_processing_time_on_each_machine
21 61 61 
39 69 48 
78 19 53 
88 25 68 
99 16 90 
84 44 7 
62 15 82 
87 33 94 
per_unit_time_realse_of_each_job
119
120
146
144
197
10
10
127
per_unit_setup_time__of_each_machine
70 66 88 43 85 58 48 91 
54 45 26 5 94 7 11 66 
78 28 16 3 58 91 6 10 
38 63 13 76 38 77 83 44 
46 81 9 94 99 62 75 87 
9 75 1 40 49 50 81 86 
37 58 8 85 20 13 2 34 
94 20 8 49 85 25 95 69 

88 64 25 45 22 5 92 72 
90 35 56 23 95 29 26 44 
99 27 23 81 94 44 10 71 
46 90 71 89 2 60 62 81 
21 20 6 76 96 29 49 86 
56 28 61 22 96 21 79 8 
36 10 8 28 43 78 34 96 
43 97 4 76 19 61 23 38 

52 94 76 84 1 76 98 42 
48 99 42 29 52 7 89 20 
91 31 67 83 62 6 80 57 
18 17 62 14 5 4 26 65 
74 86 22 89 47 84 5 20 
92 50 87 59 97 56 8 92 
6 61 64 31 80 9 69 72 
90 65 63 28 58 60 30 62 

