budget
1501
per_unit_time_cost_of_each_machine
11 13 4 
job_processing_time_on_each_machine
84 85 88 
28 17 15 
11 64 18 
38 83 41 
25 40 21 
64 25 75 
49 51 48 
98 41 6 
per_unit_time_realse_of_each_job
64
133
113
149
62
15
54
37
per_unit_setup_time__of_each_machine
1 15 22 44 37 26 3 38 
34 34 22 10 19 47 31 5 
48 39 22 15 33 28 12 17 
44 6 49 45 20 1 20 16 
37 35 34 30 43 19 34 23 
44 46 35 43 16 25 38 15 
25 33 20 26 29 3 32 25 
1 24 45 42 22 16 49 5 

15 43 27 15 2 15 29 14 
40 13 25 39 45 18 18 21 
24 12 34 40 34 23 40 29 
34 13 3 36 38 28 35 9 
36 37 41 18 47 32 41 43 
37 15 24 13 27 42 16 15 
7 35 41 46 46 1 36 14 
33 5 20 28 32 42 25 18 

17 33 28 38 31 49 42 16 
36 46 28 5 8 15 7 20 
30 13 38 39 44 47 44 26 
22 47 20 26 47 47 18 30 
44 39 6 28 33 36 13 40 
8 1 49 22 15 38 4 11 
24 3 28 39 47 49 5 31 
21 25 21 11 46 10 15 5 

