budget
4948
per_unit_time_cost_of_each_machine
13 15 4 
job_processing_time_on_each_machine
85 28 63 
87 33 47 
85 1 5 
56 96 83 
86 81 42 
96 55 49 
7 39 23 
57 48 21 
per_unit_time_realse_of_each_job
14
33
41
17
63
60
37
33
per_unit_setup_time__of_each_machine
4 7 4 2 8 1 7 7 
8 2 5 8 6 6 9 4 
6 4 5 6 8 8 6 6 
2 4 4 8 9 7 3 5 
3 1 9 9 8 1 7 3 
1 1 4 2 5 1 3 9 
8 6 4 6 4 2 1 9 
4 4 4 3 7 8 7 4 

5 9 1 1 7 9 2 1 
7 3 9 2 4 9 9 2 
8 7 9 9 6 6 9 2 
6 2 6 8 7 4 4 2 
2 4 5 9 4 1 1 2 
7 6 7 1 3 4 9 9 
5 3 6 8 7 7 8 7 
1 7 8 8 7 2 9 3 

1 7 8 4 7 5 6 7 
2 2 5 9 1 4 8 5 
3 4 8 5 1 1 4 2 
6 1 9 7 6 1 2 4 
1 4 1 6 1 1 7 6 
2 8 2 7 2 3 3 9 
4 5 2 3 4 4 3 8 
3 3 9 3 6 2 8 6 

