budget
4140
per_unit_time_cost_of_each_machine
5 7 11 
job_processing_time_on_each_machine
25 76 8 
60 74 25 
44 94 4 
83 89 81 
98 67 55 
85 26 29 
53 6 44 
82 23 26 
31 56 58 
86 64 78 
per_unit_time_realse_of_each_job
35
98
3
101
231
258
134
143
309
243
per_unit_setup_time__of_each_machine
89 31 61 117 110 53 106 64 45 105 
67 84 4 58 7 66 45 110 66 22 
117 44 89 27 107 47 13 45 15 78 
122 123 91 112 57 42 109 11 68 106 
39 83 22 35 7 108 103 31 79 80 
12 115 16 106 14 115 21 84 55 65 
123 94 14 96 83 51 40 49 51 79 
79 2 84 1 10 87 47 67 89 114 
26 109 82 102 42 102 12 118 75 17 
95 50 11 106 20 14 27 123 3 102 

110 109 94 82 11 91 60 71 78 43 
113 29 62 18 3 27 61 1 58 112 
47 77 64 83 119 43 17 101 92 104 
61 113 95 2 113 77 78 24 38 11 
92 35 60 110 70 38 92 102 102 66 
20 105 81 33 111 8 115 8 47 81 
65 23 46 2 98 14 25 50 63 97 
63 99 119 123 101 88 51 87 8 79 
13 114 55 65 91 117 39 81 14 118 
12 11 64 64 6 70 63 16 69 63 

79 109 120 67 34 124 52 95 85 85 
91 2 109 9 22 49 12 68 20 102 
54 12 12 1 71 6 110 67 122 81 
65 11 70 109 11 91 124 26 17 6 
56 109 121 44 124 94 74 71 15 59 
38 3 41 59 66 32 28 98 25 34 
10 112 1 2 32 117 27 15 122 80 
117 95 56 51 123 47 12 17 33 53 
77 77 106 36 36 54 18 49 49 92 
7 112 88 122 34 104 12 120 116 95 

