budget
1825
per_unit_time_cost_of_each_machine
6 6 14 
job_processing_time_on_each_machine
1 7 60 
15 69 8 
56 64 96 
32 59 58 
46 89 82 
53 88 79 
46 5 92 
60 41 82 
per_unit_time_realse_of_each_job
8
21
22
21
12
8
3
1
per_unit_setup_time__of_each_machine
7 8 6 5 6 6 5 2 
5 2 8 9 7 3 5 5 
4 2 5 4 7 9 1 6 
3 8 3 2 1 4 8 3 
5 4 5 6 9 5 4 6 
5 1 7 4 2 7 9 2 
5 9 1 1 2 6 4 3 
2 6 7 1 3 7 3 7 

5 8 4 9 5 1 7 3 
9 3 3 5 1 9 5 5 
9 4 7 9 2 6 5 2 
1 9 1 4 1 3 7 7 
7 6 2 1 2 8 4 5 
6 2 3 9 9 1 6 3 
5 9 3 5 2 1 6 2 
6 1 7 7 9 8 2 8 

9 2 8 6 4 2 2 7 
1 9 3 9 7 9 5 7 
3 2 7 6 8 3 6 7 
1 4 8 7 6 7 4 4 
1 9 8 7 1 6 7 8 
3 4 1 8 5 9 5 8 
3 6 6 4 3 8 2 5 
5 3 4 5 5 4 6 3 

