budget
3825
per_unit_time_cost_of_each_machine
5 13 10 
job_processing_time_on_each_machine
34 72 36 
14 12 68 
55 31 45 
77 24 2 
94 48 21 
87 48 67 
5 62 56 
1 68 63 
24 28 35 
70 15 17 
per_unit_time_realse_of_each_job
194
89
27
69
92
83
142
166
32
129
per_unit_setup_time__of_each_machine
7 4 3 4 3 4 1 1 4 7 
5 9 3 5 1 8 3 6 4 4 
2 7 4 6 8 3 1 6 4 6 
5 5 1 9 7 4 1 8 1 5 
7 3 2 1 2 2 9 7 3 1 
6 5 3 4 1 1 7 4 6 7 
4 3 7 9 4 4 8 3 3 5 
9 5 5 6 8 9 3 6 1 3 
5 2 5 2 2 8 9 7 6 1 
9 6 2 6 8 7 4 1 9 5 

6 9 2 4 7 9 4 6 9 6 
2 9 8 3 2 7 2 8 4 4 
3 9 2 9 2 1 5 3 7 2 
4 1 2 7 7 5 8 6 1 8 
9 4 5 5 6 7 5 4 1 7 
1 1 5 5 5 6 3 3 4 6 
7 9 7 6 3 8 9 8 7 1 
1 5 2 9 6 1 5 9 6 3 
7 7 2 6 6 4 1 6 7 1 
2 1 8 6 7 6 5 7 9 5 

4 7 5 1 1 7 9 2 3 6 
6 5 5 6 3 9 8 7 2 9 
9 3 5 3 1 6 9 5 9 1 
9 5 1 7 6 3 3 3 1 8 
4 6 5 6 8 8 8 5 2 7 
8 6 6 9 5 5 2 5 8 6 
4 5 3 7 6 6 7 5 5 1 
5 2 8 5 6 8 5 2 6 1 
3 3 7 9 8 3 6 2 5 3 
3 5 5 1 5 9 6 7 2 1 

