budget
2853
per_unit_time_cost_of_each_machine
10 13 8 
job_processing_time_on_each_machine
64 84 18 
79 48 26 
41 87 16 
53 37 50 
21 96 5 
44 75 57 
69 60 42 
79 47 60 
60 14 37 
28 86 21 
per_unit_time_realse_of_each_job
14
28
2
30
30
18
21
11
2
9
per_unit_setup_time__of_each_machine
20 21 1 34 32 17 3 18 17 30 
19 35 34 7 17 35 14 44 45 13 
49 16 21 27 13 7 20 13 11 13 
4 22 41 23 10 46 11 23 42 9 
18 7 12 6 9 1 13 31 45 14 
18 20 1 3 49 31 6 33 43 45 
2 15 39 26 19 11 44 4 27 39 
13 8 28 44 4 33 14 7 33 25 
20 35 42 48 21 49 21 15 15 45 
13 27 21 24 22 47 6 31 46 26 

25 42 44 26 45 20 16 30 33 40 
39 43 19 6 9 24 14 31 8 43 
42 2 9 45 13 36 42 46 44 22 
42 47 30 6 28 29 9 31 45 8 
15 37 3 30 31 26 28 11 38 6 
35 47 20 45 17 24 43 37 34 37 
38 32 17 34 49 19 25 3 1 31 
21 39 42 1 4 34 23 46 9 19 
9 22 22 48 3 10 34 45 47 13 
5 2 2 26 49 16 43 45 19 30 

34 48 29 44 12 42 17 19 33 7 
31 20 34 42 36 13 43 6 3 42 
26 15 18 13 13 43 8 30 18 42 
39 43 43 11 43 28 5 8 42 41 
5 32 43 31 29 19 23 30 46 6 
25 7 12 42 11 35 34 36 14 28 
8 34 3 24 25 36 32 8 44 12 
46 26 11 29 8 9 1 14 23 15 
27 47 23 39 20 38 16 1 44 48 
2 7 42 31 2 35 40 44 35 46 

