budget
3581
per_unit_time_cost_of_each_machine
9 12 14 
job_processing_time_on_each_machine
43 64 85 
80 7 13 
51 66 77 
97 62 85 
33 78 97 
67 41 52 
39 27 23 
78 49 65 
per_unit_time_realse_of_each_job
161
243
242
137
141
169
36
67
per_unit_setup_time__of_each_machine
27 29 94 88 76 44 69 89 
36 30 41 8 36 39 84 70 
60 61 58 57 57 22 17 89 
74 29 28 16 51 31 11 30 
92 23 6 19 85 33 73 73 
69 81 47 95 91 93 42 93 
12 83 19 33 53 95 39 2 
62 88 90 87 96 93 14 15 

76 1 27 24 54 4 69 70 
88 83 57 97 27 30 83 77 
58 3 40 71 27 28 10 99 
12 14 3 73 10 11 71 83 
68 78 87 91 93 88 36 20 
57 30 68 98 69 46 92 42 
9 64 60 28 91 55 92 62 
56 76 23 74 66 33 2 51 

1 32 40 40 16 28 25 44 
80 73 99 15 40 47 26 92 
23 72 44 90 56 25 25 54 
79 9 30 25 38 24 99 15 
53 92 57 29 31 72 59 48 
16 24 89 98 60 49 11 20 
2 91 73 83 28 90 16 26 
7 1 28 93 91 50 29 57 

