budget
2320
per_unit_time_cost_of_each_machine
8 6 14 
job_processing_time_on_each_machine
6 87 97 
80 6 4 
39 44 47 
89 45 68 
77 29 26 
64 58 93 
43 81 25 
7 91 64 
70 23 74 
94 51 41 
per_unit_time_realse_of_each_job
10
26
115
102
24
48
124
44
125
140
per_unit_setup_time__of_each_machine
105 66 37 77 48 50 18 40 8 116 
89 13 118 57 91 71 120 76 4 2 
96 45 31 108 116 45 98 3 40 17 
19 20 99 37 70 30 53 44 109 21 
20 70 78 61 57 69 48 52 118 44 
52 23 26 69 13 50 64 53 58 46 
68 61 11 87 58 19 119 7 77 13 
97 110 83 77 88 90 45 114 19 6 
69 2 9 86 30 36 12 24 60 32 
25 30 9 113 79 107 16 23 33 7 

71 117 106 11 70 96 5 16 94 36 
110 6 39 19 21 32 5 44 57 51 
120 105 74 68 87 68 91 53 35 78 
75 82 5 113 36 88 73 8 68 27 
83 25 76 77 62 114 66 6 87 35 
47 61 44 6 81 110 114 96 33 90 
124 11 25 64 25 5 4 2 100 20 
66 87 33 110 13 121 119 15 8 51 
92 13 67 63 12 76 55 74 106 121 
111 80 19 39 47 117 16 16 93 39 

98 109 13 28 20 110 78 56 69 88 
93 110 7 19 103 38 19 18 83 19 
102 8 121 85 107 86 42 26 74 31 
71 64 20 83 96 51 76 58 18 21 
90 91 27 121 94 88 109 40 7 53 
105 33 36 25 73 108 10 27 105 65 
63 25 107 10 43 73 108 66 37 53 
13 71 20 112 113 107 71 77 69 6 
14 104 18 39 78 35 101 100 34 67 
37 7 55 71 28 67 5 43 11 42 

