budget
1367
per_unit_time_cost_of_each_machine
5 12 4 
job_processing_time_on_each_machine
62 7 84 
41 85 96 
12 28 6 
11 89 82 
18 18 13 
85 39 58 
31 77 5 
79 70 49 
4 93 26 
83 29 49 
per_unit_time_realse_of_each_job
22
26
13
27
31
26
6
20
4
2
per_unit_setup_time__of_each_machine
66 91 39 32 6 6 46 21 19 85 
70 99 86 91 66 65 89 4 78 41 
29 84 76 29 22 34 44 59 68 36 
44 55 41 6 65 8 35 5 53 30 
97 58 54 68 91 38 50 27 4 36 
33 90 59 96 82 12 49 36 13 42 
30 14 25 63 11 82 59 13 70 88 
79 46 46 40 51 48 9 24 88 15 
79 73 14 30 10 92 4 61 66 25 
56 85 42 54 73 89 55 59 84 35 

27 94 95 41 30 13 6 81 75 11 
66 43 43 7 22 36 18 37 18 11 
37 82 7 75 16 99 39 65 49 82 
74 46 63 15 90 19 9 60 34 3 
76 22 93 64 18 40 27 73 66 55 
26 32 22 1 64 85 9 54 91 59 
67 9 36 3 87 7 74 17 45 79 
19 23 43 40 98 61 27 81 70 90 
86 31 53 31 79 78 1 72 25 76 
20 71 77 3 47 46 53 83 84 9 

94 75 24 42 52 4 35 54 87 54 
67 20 53 7 42 49 66 28 61 77 
15 88 37 39 49 42 57 97 61 17 
75 2 12 63 77 44 29 15 75 96 
16 85 3 79 93 86 60 59 32 67 
63 25 78 69 81 32 44 8 89 70 
57 38 25 37 46 67 80 97 47 33 
16 74 24 17 37 68 77 32 96 69 
26 25 93 27 60 61 6 56 23 95 
37 54 38 42 33 90 43 21 9 53 

