budget
3540
per_unit_time_cost_of_each_machine
15 11 11 
job_processing_time_on_each_machine
54 24 64 
60 66 72 
14 37 84 
67 76 25 
36 47 15 
53 36 91 
54 67 88 
8 82 64 
28 84 3 
63 30 50 
per_unit_time_realse_of_each_job
33
32
14
10
5
26
22
15
10
18
per_unit_setup_time__of_each_machine
2 3 4 1 4 2 4 9 1 6 
8 8 9 9 8 6 5 7 8 2 
3 5 4 9 3 1 2 4 3 7 
9 9 2 6 7 2 5 4 3 7 
7 1 8 2 8 8 5 2 5 9 
5 1 2 7 9 5 4 6 9 3 
5 8 3 9 3 4 1 2 6 7 
8 3 5 7 8 3 8 4 6 7 
8 5 2 3 2 4 2 3 7 4 
1 9 9 5 4 3 2 3 9 4 

6 3 8 9 2 9 7 8 6 4 
9 2 1 5 1 3 3 3 6 2 
2 4 9 9 9 2 7 4 9 6 
6 4 8 8 5 1 2 2 3 1 
5 7 6 5 8 6 8 1 7 3 
7 9 5 6 5 1 3 8 8 1 
4 9 5 6 2 3 9 3 3 4 
1 8 9 1 8 2 8 4 9 4 
5 1 8 1 7 9 4 4 9 8 
9 9 6 7 2 2 1 4 2 4 

4 9 1 8 7 8 3 5 8 6 
8 6 1 3 1 6 9 1 4 9 
3 9 2 4 4 1 7 4 5 4 
8 3 8 6 4 1 3 5 8 1 
5 7 4 5 4 6 2 3 9 8 
1 9 2 1 9 1 9 5 1 9 
8 3 4 1 9 4 9 5 3 3 
6 6 9 9 6 2 1 5 8 6 
2 8 4 2 8 3 3 7 2 5 
1 7 4 2 2 9 1 1 2 7 

