budget
974
per_unit_time_cost_of_each_machine
4 7 3 
job_processing_time_on_each_machine
37 83 86 
39 74 1 
20 43 48 
99 42 96 
12 94 17 
25 74 62 
72 29 32 
64 11 81 
per_unit_time_realse_of_each_job
143
120
86
30
43
142
166
100
per_unit_setup_time__of_each_machine
88 91 12 87 35 67 1 16 
52 61 32 31 35 63 62 31 
38 6 73 95 97 25 65 55 
85 46 86 25 21 81 38 39 
33 86 88 41 96 71 26 69 
50 19 88 90 90 2 7 27 
69 46 89 17 6 45 89 78 
90 55 84 78 42 83 5 16 

76 19 43 2 34 78 81 31 
45 44 74 69 79 78 9 12 
39 48 92 49 62 80 89 3 
86 79 54 62 48 7 75 81 
51 72 94 78 85 34 96 80 
59 43 48 65 74 54 74 48 
37 15 53 57 44 72 20 45 
12 93 50 80 99 50 28 76 

7 67 62 93 66 73 49 64 
38 55 62 90 20 66 53 57 
77 82 38 17 3 44 81 77 
17 4 28 48 25 95 89 1 
19 57 60 75 63 11 63 83 
47 55 72 63 34 43 44 20 
92 21 11 14 58 6 23 32 
83 52 37 89 29 13 28 16 

