budget
2129
per_unit_time_cost_of_each_machine
12 15 6 
job_processing_time_on_each_machine
98 72 91 
93 23 16 
63 98 51 
87 15 23 
12 22 43 
23 28 4 
69 43 90 
40 72 9 
per_unit_time_realse_of_each_job
182
96
78
49
15
60
163
5
per_unit_setup_time__of_each_machine
73 47 5 121 17 62 121 73 
93 101 71 73 37 49 122 81 
69 33 48 110 28 91 90 79 
53 74 118 12 79 5 86 117 
25 110 4 51 8 72 42 99 
104 86 52 123 29 18 47 117 
113 85 52 16 18 71 10 5 
82 85 93 43 71 109 7 115 

88 57 3 71 51 8 19 36 
65 98 118 101 91 70 75 2 
46 93 121 57 25 72 47 115 
17 54 22 50 25 19 120 54 
12 4 95 94 44 4 99 12 
92 7 104 123 76 5 35 100 
83 37 14 119 81 6 107 56 
27 73 37 110 71 104 69 82 

108 71 112 15 30 57 12 60 
2 66 8 6 16 110 99 92 
76 24 36 12 58 112 123 1 
38 54 104 58 80 72 25 64 
48 105 85 82 16 63 82 87 
21 62 66 73 28 11 98 25 
105 12 43 116 37 96 94 84 
83 36 76 118 12 23 69 74 

