budget
3137
per_unit_time_cost_of_each_machine
3 5 13 
job_processing_time_on_each_machine
11 75 45 
11 47 12 
47 75 45 
50 36 84 
41 41 48 
4 58 29 
60 40 19 
63 34 39 
53 5 73 
41 15 10 
per_unit_time_realse_of_each_job
146
99
202
148
127
155
113
217
16
111
per_unit_setup_time__of_each_machine
71 83 30 34 66 44 7 12 29 5 
51 79 90 32 37 35 37 54 39 15 
60 76 93 21 38 40 81 41 82 36 
87 86 96 72 91 71 56 67 66 39 
69 97 22 86 31 73 71 83 36 57 
70 16 39 93 88 84 45 92 74 63 
26 14 79 58 24 87 86 72 60 38 
14 6 91 41 44 21 39 72 63 74 
48 85 21 62 73 72 21 73 65 43 
69 99 64 1 66 8 51 8 54 96 

72 47 53 66 6 78 64 24 58 69 
64 37 70 25 15 56 31 80 57 59 
58 88 48 85 68 64 6 27 72 21 
5 87 35 44 16 11 21 64 94 27 
79 66 43 28 96 68 48 84 27 48 
89 49 78 36 61 39 50 39 80 45 
84 24 20 75 37 35 51 62 40 60 
26 39 43 22 96 43 19 16 89 17 
25 62 27 83 77 5 31 66 71 13 
95 22 71 26 54 73 14 89 30 78 

64 38 16 59 32 57 38 12 25 80 
78 10 34 69 4 36 8 19 54 55 
42 36 78 55 23 40 32 78 50 34 
50 52 92 79 95 67 78 52 5 98 
98 83 26 3 10 77 75 19 14 16 
98 79 16 18 74 76 21 94 53 71 
73 53 24 10 18 74 69 29 62 44 
55 99 22 55 19 20 56 53 18 73 
39 41 2 96 96 26 56 48 44 25 
85 20 60 95 91 14 34 24 12 94 

