budget
4606
per_unit_time_cost_of_each_machine
7 14 7 
job_processing_time_on_each_machine
5 44 20 
94 79 26 
44 89 91 
90 55 95 
65 59 75 
61 50 49 
96 36 99 
38 38 50 
per_unit_time_realse_of_each_job
25
19
24
30
26
17
25
13
per_unit_setup_time__of_each_machine
8 9 2 5 3 2 3 4 
7 3 8 6 1 7 6 6 
7 6 2 7 5 6 9 1 
9 2 4 7 3 8 3 4 
1 6 2 1 3 7 7 6 
6 9 1 3 6 7 8 1 
8 9 3 6 4 7 5 1 
1 5 7 5 2 2 5 4 

5 6 4 1 1 9 6 3 
7 7 9 2 4 2 3 6 
9 8 2 1 6 9 3 6 
9 6 9 1 2 9 5 7 
9 1 2 2 6 4 4 4 
4 9 5 3 1 5 1 8 
6 9 9 2 4 7 7 4 
4 5 5 7 4 4 8 3 

6 1 4 8 4 8 5 9 
5 1 5 5 2 9 3 3 
8 4 4 4 2 8 8 1 
4 6 5 8 8 2 3 7 
2 8 7 8 8 4 2 3 
1 4 6 6 4 9 5 9 
3 8 3 3 2 6 6 3 
9 5 2 1 7 1 1 9 

