budget
4084
per_unit_time_cost_of_each_machine
7 10 12 
job_processing_time_on_each_machine
11 41 43 
92 22 1 
92 21 5 
47 5 29 
45 23 90 
19 85 31 
6 75 57 
66 41 37 
57 30 85 
41 26 21 
per_unit_time_realse_of_each_job
9
1
14
13
27
14
6
25
20
9
per_unit_setup_time__of_each_machine
8 5 3 6 2 3 9 8 3 3 
4 8 1 2 3 1 6 4 8 1 
8 7 9 3 2 3 2 7 2 7 
3 5 8 1 6 8 7 5 8 2 
5 6 9 1 9 2 9 7 6 4 
2 5 2 4 5 6 2 3 1 8 
4 1 8 9 6 2 5 5 6 4 
7 1 7 9 6 6 6 8 4 3 
3 1 7 9 8 4 9 1 3 2 
7 6 4 5 7 7 7 8 3 4 

2 4 4 6 4 1 3 4 2 5 
6 1 5 5 7 7 6 1 7 7 
1 1 7 6 7 3 1 9 7 5 
8 4 7 5 8 4 2 7 5 7 
8 6 4 9 4 7 5 9 3 5 
7 7 3 8 2 1 4 7 4 1 
4 4 4 3 8 5 2 2 1 5 
5 7 9 7 6 7 5 7 4 8 
7 6 5 6 2 6 3 3 5 7 
6 6 6 7 5 5 3 4 6 1 

3 5 6 5 7 4 7 7 9 4 
1 2 7 2 6 8 6 4 8 2 
7 7 3 3 3 8 9 3 7 9 
1 3 8 3 2 8 2 2 4 5 
7 2 8 4 8 3 4 5 1 5 
2 2 2 2 8 8 9 2 6 5 
4 3 4 6 2 9 3 4 9 6 
2 8 5 8 3 2 2 9 2 8 
9 6 8 9 7 6 9 1 7 9 
9 9 3 2 4 9 9 2 2 4 

