budget
1758
per_unit_time_cost_of_each_machine
9 14 12 
job_processing_time_on_each_machine
46 40 83 
33 25 62 
53 6 34 
45 77 48 
2 97 42 
55 61 9 
19 44 9 
16 5 38 
per_unit_time_realse_of_each_job
1
12
19
19
16
15
17
6
per_unit_setup_time__of_each_machine
111 43 42 90 3 122 110 40 
116 114 123 97 14 48 68 98 
113 112 111 35 42 110 56 111 
83 71 124 66 72 92 21 74 
111 46 120 90 23 65 30 114 
41 74 23 78 87 38 108 69 
89 13 12 118 101 67 6 64 
6 106 33 67 8 4 71 53 

94 75 26 14 88 110 100 68 
75 65 14 30 85 36 55 50 
117 96 54 49 97 66 73 41 
46 12 83 62 23 77 73 54 
97 61 68 66 89 101 54 118 
111 80 74 115 23 70 113 95 
49 43 19 79 53 112 37 68 
111 73 56 59 29 51 101 79 

95 88 3 54 54 111 54 66 
12 70 37 65 23 120 42 26 
44 92 40 98 38 35 102 91 
83 10 114 14 17 80 101 87 
33 21 29 97 124 39 7 103 
75 19 85 26 102 115 63 32 
79 43 106 88 75 114 64 115 
56 66 27 39 60 86 8 117 

