budget
3912
per_unit_time_cost_of_each_machine
7 12 13 
job_processing_time_on_each_machine
9 28 27 
19 36 75 
50 12 18 
28 65 40 
60 11 33 
61 98 26 
54 94 87 
37 22 76 
per_unit_time_realse_of_each_job
15
4
21
19
13
17
9
15
per_unit_setup_time__of_each_machine
66 26 31 4 41 54 3 45 
61 7 55 23 32 47 98 52 
39 74 14 89 32 5 6 37 
20 31 85 17 20 7 33 25 
86 97 20 6 69 40 18 49 
22 69 96 50 93 54 24 38 
56 89 70 3 77 76 38 45 
91 79 11 64 96 44 49 9 

12 93 23 15 28 83 13 49 
88 17 59 80 40 26 7 7 
68 98 14 44 80 64 72 21 
45 23 15 83 41 33 47 37 
32 20 91 54 20 48 74 57 
2 10 37 9 62 64 14 29 
36 90 56 53 93 80 32 68 
44 52 2 36 42 80 80 23 

81 45 96 82 47 6 61 71 
45 69 45 65 46 81 86 59 
69 12 29 5 65 56 12 76 
96 17 96 17 87 2 75 64 
43 96 33 91 7 38 7 72 
52 72 21 11 78 96 35 38 
25 69 89 9 43 24 80 17 
58 26 50 58 58 25 30 42 

