budget
2222
per_unit_time_cost_of_each_machine
8 7 15 
job_processing_time_on_each_machine
78 47 4 
89 90 96 
46 58 84 
39 71 43 
2 18 6 
34 6 91 
67 58 17 
34 93 86 
per_unit_time_realse_of_each_job
25
2
9
16
14
8
27
26
per_unit_setup_time__of_each_machine
20 95 48 45 48 63 18 72 
24 49 18 91 36 23 90 68 
59 87 21 46 13 81 36 42 
8 35 6 22 57 22 6 16 
72 75 19 80 1 28 45 71 
59 25 1 30 11 90 58 47 
96 83 27 16 37 13 17 23 
77 77 81 98 75 85 99 83 

57 91 66 12 81 65 77 83 
79 78 56 21 8 38 30 86 
44 71 82 55 4 63 1 4 
3 71 55 39 21 9 91 5 
6 25 30 98 82 74 95 34 
79 96 8 74 74 7 57 1 
38 18 66 99 84 91 89 61 
36 34 41 77 66 43 8 92 

62 25 32 51 56 73 18 47 
68 34 59 48 15 57 30 96 
25 59 44 27 11 78 16 66 
38 58 37 93 48 62 1 55 
75 16 79 19 15 4 97 42 
58 19 2 46 90 75 71 82 
61 5 64 69 75 24 50 86 
78 10 26 16 57 60 61 96 

