budget
1552
per_unit_time_cost_of_each_machine
4 6 15 
job_processing_time_on_each_machine
46 97 22 
63 10 89 
45 90 72 
35 89 49 
83 53 65 
84 31 48 
4 24 6 
56 1 91 
65 3 58 
11 78 89 
per_unit_time_realse_of_each_job
129
241
38
151
227
55
3
67
154
95
per_unit_setup_time__of_each_machine
54 17 31 73 75 64 7 14 58 67 
53 96 79 94 96 94 8 32 63 9 
53 55 74 14 21 96 87 76 49 13 
37 68 35 81 86 56 87 31 44 65 
91 66 75 20 90 55 32 59 25 54 
47 9 99 48 25 34 23 69 62 33 
94 61 27 14 83 92 45 3 82 33 
10 20 57 39 61 1 93 40 75 60 
73 71 72 96 45 71 18 53 60 44 
97 84 8 50 68 96 46 93 47 72 

48 89 30 70 55 65 45 4 71 87 
88 77 82 72 52 14 39 54 27 17 
66 93 57 27 79 80 25 3 34 18 
75 91 92 48 30 18 53 10 12 53 
23 68 33 3 53 29 42 61 47 65 
28 81 48 74 47 11 23 93 55 29 
36 78 59 40 43 94 30 73 95 19 
93 34 71 87 67 38 58 98 48 1 
61 8 89 13 84 28 19 54 70 61 
16 80 12 72 80 57 55 47 50 57 

95 27 64 88 62 87 48 91 42 22 
21 52 95 15 78 86 26 75 75 28 
77 91 60 72 90 86 61 45 2 58 
4 98 39 50 49 20 63 39 25 83 
22 24 58 98 83 59 56 87 92 30 
63 64 24 23 38 29 73 87 74 64 
78 18 4 37 84 89 20 90 61 53 
49 44 84 16 8 76 83 45 86 8 
81 82 77 55 9 36 97 83 37 26 
38 33 3 47 59 22 61 31 93 21 

