budget
2359
per_unit_time_cost_of_each_machine
14 12 12 
job_processing_time_on_each_machine
93 64 56 
17 33 98 
70 58 21 
11 92 73 
64 93 30 
11 57 32 
97 90 2 
57 15 37 
per_unit_time_realse_of_each_job
51
16
39
38
20
78
63
78
per_unit_setup_time__of_each_machine
4 3 6 7 7 9 5 1 
6 1 1 1 1 5 9 3 
5 6 2 2 3 3 7 3 
9 2 9 2 6 4 9 2 
6 9 3 9 4 6 7 8 
9 7 3 2 3 1 7 4 
8 3 1 7 3 3 1 8 
7 7 6 7 8 1 3 6 

7 5 4 5 4 4 8 8 
5 9 1 9 8 1 4 7 
2 3 5 3 4 2 5 7 
2 2 4 8 2 6 2 9 
9 5 9 7 8 2 1 8 
2 4 2 6 9 9 7 5 
1 7 6 7 4 6 9 4 
2 8 2 6 4 1 4 3 

9 1 7 8 6 1 1 9 
8 9 1 8 4 7 6 9 
4 9 7 6 1 2 5 5 
9 1 8 8 1 1 9 4 
8 2 9 3 7 3 3 8 
5 9 7 8 5 3 2 9 
4 3 7 8 3 8 5 9 
4 7 6 6 2 9 9 6 

