budget
1239
per_unit_time_cost_of_each_machine
8 3 11 
job_processing_time_on_each_machine
67 78 98 
61 79 23 
4 71 55 
46 87 22 
61 20 75 
1 30 41 
25 2 98 
62 60 81 
per_unit_time_realse_of_each_job
56
34
17
119
122
103
77
50
per_unit_setup_time__of_each_machine
9 6 6 2 8 9 4 5 
4 7 6 4 3 9 4 7 
6 3 1 9 7 5 1 4 
1 7 5 9 7 9 6 3 
1 9 3 4 9 1 8 9 
8 9 5 2 5 2 3 1 
6 4 2 4 4 9 5 9 
7 8 6 2 2 9 8 9 

4 2 4 2 4 4 9 4 
3 8 2 8 7 1 8 2 
1 1 2 4 3 7 2 1 
4 8 3 8 9 5 7 3 
2 5 2 7 9 2 2 2 
6 7 8 1 7 8 5 4 
9 3 8 8 7 8 5 3 
4 3 2 8 1 3 3 3 

5 4 6 5 5 7 8 1 
9 5 9 4 5 7 8 4 
7 4 2 2 7 9 5 3 
6 4 7 2 7 1 5 2 
9 2 8 2 3 6 6 2 
6 5 5 2 3 9 5 1 
9 4 6 2 9 3 3 5 
7 7 4 4 4 5 5 6 

