budget
2906
per_unit_time_cost_of_each_machine
8 12 7 
job_processing_time_on_each_machine
88 64 84 
48 61 35 
33 68 80 
19 29 38 
88 55 87 
60 88 47 
51 31 92 
24 64 39 
per_unit_time_realse_of_each_job
27
30
28
2
26
15
22
18
per_unit_setup_time__of_each_machine
27 43 82 83 14 86 56 33 
101 50 62 12 56 87 11 113 
100 116 17 4 81 86 112 115 
1 82 19 2 18 60 11 28 
118 34 120 79 97 14 31 32 
59 65 89 98 22 16 50 10 
22 123 26 97 35 31 50 85 
35 4 66 86 105 28 33 115 

117 79 78 24 97 63 25 65 
115 13 61 62 111 117 61 112 
56 103 61 8 74 3 35 2 
83 117 113 37 27 108 8 90 
15 88 41 70 121 10 67 79 
64 57 62 89 83 30 78 13 
117 67 123 55 114 7 83 17 
5 109 112 7 111 95 33 112 

26 113 47 85 115 35 60 124 
108 123 2 20 94 46 101 3 
34 76 67 24 63 85 19 106 
96 55 28 108 26 2 43 71 
116 8 19 21 69 37 93 104 
81 63 119 86 36 117 32 5 
11 53 73 66 33 1 66 5 
41 80 56 77 80 93 2 82 

