budget
2399
per_unit_time_cost_of_each_machine
7 3 3 
job_processing_time_on_each_machine
96 66 44 
21 91 49 
99 18 9 
80 28 47 
5 49 26 
8 76 22 
93 29 85 
21 55 19 
35 27 91 
32 92 51 
per_unit_time_realse_of_each_job
27
69
50
138
19
120
153
15
41
50
per_unit_setup_time__of_each_machine
18 124 21 79 106 21 40 89 71 44 
24 2 11 50 122 19 13 66 124 37 
45 69 23 19 47 114 87 124 73 77 
13 11 46 14 114 17 8 121 18 19 
11 73 79 117 11 57 23 46 74 117 
71 56 83 81 15 7 12 75 42 9 
83 31 78 48 35 119 111 56 104 104 
34 87 76 10 61 10 72 55 49 8 
80 18 120 36 22 5 24 24 32 65 
96 77 120 54 58 42 40 63 33 15 

74 74 35 24 33 51 70 102 28 101 
90 54 62 50 26 42 55 20 20 83 
107 84 98 75 117 50 71 123 9 69 
112 108 61 36 103 123 28 33 78 117 
124 5 16 88 101 104 93 124 94 22 
10 48 40 82 14 81 5 43 111 59 
63 97 77 9 57 89 109 64 105 22 
76 19 43 5 77 110 109 112 1 106 
83 92 102 31 112 57 22 97 29 85 
32 88 90 87 114 95 23 45 89 119 

13 37 86 99 62 92 7 63 13 55 
10 54 92 89 104 92 98 109 104 56 
93 9 96 76 117 116 33 22 15 28 
119 67 76 43 87 23 20 95 9 84 
65 43 64 46 100 25 80 106 95 40 
54 94 100 47 17 117 5 119 4 50 
24 3 35 38 13 54 116 121 42 28 
19 34 10 82 39 31 85 96 42 111 
35 40 58 30 110 117 46 57 94 72 
41 123 79 85 85 38 25 29 15 38 

