budget
2135
per_unit_time_cost_of_each_machine
4 8 6 
job_processing_time_on_each_machine
46 89 62 
90 30 93 
70 67 68 
7 64 18 
82 66 77 
95 25 26 
73 73 34 
69 57 8 
58 19 92 
85 80 71 
per_unit_time_realse_of_each_job
114
73
53
45
107
75
57
105
18
11
per_unit_setup_time__of_each_machine
40 26 78 69 109 49 16 74 4 47 
17 87 105 70 42 55 56 23 35 94 
12 124 54 124 4 55 74 87 20 93 
118 35 80 119 34 52 83 25 77 37 
95 38 56 84 108 16 106 69 82 28 
73 16 22 91 87 18 102 58 40 99 
108 67 84 73 37 94 27 115 84 59 
93 28 114 28 11 34 87 65 67 46 
109 22 16 2 22 57 72 96 40 4 
62 45 112 65 97 74 64 29 10 37 

38 86 107 111 28 121 73 57 58 90 
100 57 52 108 16 26 117 84 74 71 
120 10 79 11 52 7 64 53 87 57 
91 86 75 19 116 55 109 8 123 25 
73 91 118 94 70 44 46 34 17 85 
115 74 24 53 36 55 49 5 59 70 
120 82 68 99 109 82 12 11 61 114 
9 55 72 44 80 38 64 4 14 62 
96 72 47 93 10 44 92 105 13 83 
51 74 46 120 24 123 6 103 70 84 

112 16 18 10 96 112 87 59 115 97 
107 44 48 121 109 5 24 34 68 116 
21 20 23 88 52 86 37 46 40 6 
58 76 79 24 63 2 7 64 71 3 
111 11 82 10 47 67 94 8 33 94 
36 44 2 38 40 24 100 69 4 37 
1 62 74 26 48 34 91 76 110 45 
7 66 120 18 67 79 56 60 26 37 
29 101 63 117 50 79 25 22 53 85 
68 103 56 113 7 71 72 88 111 119 

