budget
1841
per_unit_time_cost_of_each_machine
12 12 14 
job_processing_time_on_each_machine
29 76 6 
16 17 88 
74 1 66 
94 8 97 
22 73 91 
43 42 96 
1 66 33 
26 77 36 
per_unit_time_realse_of_each_job
32
114
38
86
62
63
47
36
per_unit_setup_time__of_each_machine
2 7 7 3 8 2 2 4 
5 4 3 5 1 1 2 2 
3 7 3 4 9 6 1 4 
5 6 2 1 7 2 3 2 
5 9 1 3 9 4 3 7 
2 7 4 2 5 1 2 9 
3 1 4 5 1 9 4 2 
8 9 5 4 7 7 1 5 

7 7 2 6 2 7 8 1 
6 3 4 4 9 2 8 9 
3 9 4 5 7 1 8 6 
7 3 1 3 2 7 1 6 
2 9 5 4 9 6 8 5 
9 1 5 2 9 5 2 6 
3 7 9 6 9 7 1 3 
4 8 7 1 8 8 8 8 

4 3 5 5 9 4 7 2 
3 8 8 3 8 9 4 1 
4 4 5 8 4 3 7 6 
1 1 4 4 2 7 7 2 
1 6 2 4 9 1 3 8 
7 4 1 3 1 5 3 1 
7 4 1 6 4 3 4 5 
8 7 9 1 2 9 3 9 

