budget
5880
per_unit_time_cost_of_each_machine
15 6 7 
job_processing_time_on_each_machine
53 90 33 
79 78 27 
15 91 54 
93 19 89 
64 48 19 
52 18 71 
90 62 93 
84 30 78 
19 61 29 
56 88 80 
per_unit_time_realse_of_each_job
98
78
116
95
93
14
77
57
94
17
per_unit_setup_time__of_each_machine
21 49 32 13 27 34 35 35 26 25 
20 34 19 25 30 7 32 24 28 3 
45 11 41 16 31 38 25 16 9 30 
5 42 8 13 23 28 43 45 35 47 
31 38 37 47 9 40 12 3 8 49 
35 12 46 24 40 14 36 8 39 23 
24 40 14 27 19 3 6 27 11 34 
29 29 21 1 21 49 23 19 36 29 
21 9 21 13 30 21 15 43 17 12 
41 25 45 3 14 39 40 48 12 44 

23 2 19 11 2 5 20 33 5 7 
1 34 36 5 29 14 34 43 37 20 
34 19 8 34 44 36 16 7 20 24 
37 6 42 28 23 6 6 21 17 20 
5 25 40 2 18 41 18 42 45 6 
12 39 19 25 32 15 37 46 36 4 
38 40 15 35 27 10 5 34 45 47 
45 40 42 28 1 45 30 27 45 21 
45 32 35 34 27 23 26 19 15 27 
10 21 49 4 25 46 20 28 9 24 

23 6 3 29 28 43 7 11 20 2 
5 4 14 46 48 40 19 43 5 1 
13 41 14 36 24 10 26 4 47 34 
23 46 4 38 20 48 49 47 40 16 
34 32 38 42 25 31 48 4 5 9 
32 2 12 38 21 44 48 23 46 26 
11 19 1 33 45 10 7 10 7 3 
25 9 46 14 16 5 1 18 24 13 
37 35 11 29 17 19 33 34 25 48 
31 3 3 5 30 32 45 25 6 49 

