budget
2357
per_unit_time_cost_of_each_machine
11 5 13 
job_processing_time_on_each_machine
10 18 93 
95 75 21 
63 62 26 
94 41 13 
77 52 58 
89 50 42 
9 66 30 
43 78 21 
73 49 67 
9 48 23 
per_unit_time_realse_of_each_job
26
90
61
7
76
84
66
90
63
89
per_unit_setup_time__of_each_machine
2 79 62 54 53 93 24 35 86 57 
57 14 59 61 58 33 29 4 59 98 
3 58 16 27 18 92 30 74 98 98 
69 33 13 20 46 20 19 70 71 63 
76 18 67 89 87 29 50 33 38 45 
56 66 22 89 46 64 6 72 32 13 
13 2 85 68 4 52 57 88 22 15 
79 17 58 73 65 73 46 27 84 9 
12 8 32 75 97 23 72 10 82 46 
68 14 28 7 66 93 55 10 72 4 

92 7 84 64 11 67 95 22 51 82 
49 69 1 24 65 61 1 11 13 87 
45 5 36 70 53 64 32 29 81 23 
77 88 49 71 82 94 46 43 7 57 
2 73 91 46 84 22 46 26 90 54 
38 51 20 38 37 41 82 75 61 16 
34 18 66 34 90 84 28 14 7 39 
57 77 83 21 22 90 80 25 75 47 
13 97 86 66 68 34 86 59 89 84 
89 20 94 18 43 3 4 64 34 56 

75 87 17 51 63 95 5 80 41 58 
59 76 89 36 52 30 91 76 8 30 
37 84 15 23 82 44 21 29 56 79 
76 75 65 25 63 20 95 13 66 9 
51 39 18 33 36 12 86 54 17 46 
33 29 67 16 91 37 49 14 22 21 
1 42 89 45 24 77 84 93 16 36 
92 94 29 83 76 13 46 9 5 76 
12 21 6 7 14 64 35 88 82 42 
78 58 78 14 62 64 36 73 77 60 

