budget
1247
per_unit_time_cost_of_each_machine
3 15 9 
job_processing_time_on_each_machine
93 22 38 
23 79 77 
39 72 35 
75 75 41 
9 47 24 
9 2 58 
81 6 20 
51 65 43 
per_unit_time_realse_of_each_job
11
14
7
3
7
12
7
2
per_unit_setup_time__of_each_machine
47 49 29 9 26 2 26 41 
10 2 22 48 6 23 47 33 
25 41 48 30 24 31 15 14 
7 14 10 18 48 33 44 43 
24 23 2 35 33 33 27 41 
36 27 9 33 24 17 24 22 
37 3 30 14 35 6 49 8 
11 38 5 34 14 11 26 10 

13 45 38 34 42 29 44 32 
14 47 25 13 19 26 35 32 
18 49 44 21 45 5 6 28 
23 39 22 44 23 34 41 33 
36 3 18 49 33 35 2 25 
49 47 34 23 22 8 48 23 
24 49 15 24 47 4 38 32 
5 28 17 3 7 47 41 41 

18 24 25 6 3 33 20 36 
33 32 32 27 13 17 3 39 
2 8 9 10 48 19 24 13 
36 39 22 19 7 20 38 34 
43 33 31 18 15 33 32 48 
46 14 4 43 9 27 18 38 
6 19 16 22 29 29 35 26 
15 28 36 47 3 23 39 36 

