budget
3917
per_unit_time_cost_of_each_machine
14 9 3 
job_processing_time_on_each_machine
10 91 92 
58 85 73 
12 26 51 
54 12 59 
51 52 38 
83 79 26 
40 18 29 
13 1 75 
9 71 45 
35 92 17 
per_unit_time_realse_of_each_job
182
263
38
164
238
87
84
80
159
107
per_unit_setup_time__of_each_machine
31 51 80 95 64 98 73 35 67 60 
49 25 90 72 72 54 66 88 85 56 
45 60 70 31 59 36 93 71 90 44 
16 40 66 80 35 22 63 15 24 90 
13 27 60 22 15 64 84 97 70 57 
92 17 79 75 8 61 66 55 30 51 
79 93 4 17 92 25 5 22 78 85 
99 84 82 89 62 11 60 92 98 99 
9 95 88 19 54 60 67 33 26 77 
72 70 89 64 73 98 47 35 8 22 

96 21 52 49 58 82 29 48 40 85 
7 53 74 91 79 18 86 36 63 77 
24 23 34 56 15 47 35 29 80 38 
43 98 69 53 59 12 32 10 18 31 
31 90 40 51 73 8 59 10 54 42 
44 21 53 83 18 80 12 49 36 45 
53 31 93 75 99 32 42 97 99 49 
73 9 68 80 59 78 17 76 4 44 
95 44 94 87 19 21 9 65 93 5 
53 84 33 82 29 21 56 34 48 30 

73 51 22 73 45 46 60 18 33 2 
75 11 6 28 34 96 34 72 74 75 
35 65 4 78 98 32 3 52 66 56 
63 28 68 35 75 65 16 3 77 52 
51 60 16 52 42 98 13 68 21 43 
69 27 68 9 34 54 37 93 50 31 
14 17 9 6 13 95 28 72 91 86 
74 58 15 2 56 53 19 88 20 13 
13 15 32 79 86 29 28 40 45 51 
93 67 45 55 38 77 42 96 62 29 

