budget
5486
per_unit_time_cost_of_each_machine
14 10 10 
job_processing_time_on_each_machine
38 23 25 
97 24 29 
88 70 19 
17 62 50 
38 77 40 
5 3 32 
25 81 46 
91 35 22 
87 37 43 
10 43 42 
per_unit_time_realse_of_each_job
6
3
2
21
10
25
20
4
14
8
per_unit_setup_time__of_each_machine
103 15 109 124 54 82 55 58 58 50 
10 7 35 3 122 40 62 10 76 108 
14 32 77 119 106 59 85 28 51 109 
50 102 95 99 47 38 121 16 24 92 
74 34 63 22 66 44 104 69 7 65 
94 31 67 111 26 85 100 87 47 38 
105 69 46 103 26 35 18 100 68 3 
87 51 98 52 76 92 64 80 115 37 
34 71 109 54 31 87 29 64 102 29 
13 97 124 27 18 75 120 94 83 11 

116 98 85 111 108 32 61 40 67 58 
70 44 36 117 25 10 23 115 91 27 
53 72 38 51 122 16 30 55 60 53 
81 69 87 1 24 101 67 116 84 69 
93 67 118 61 17 103 55 45 7 92 
99 96 37 9 82 31 53 23 35 69 
80 32 68 88 89 49 82 119 22 51 
27 85 96 119 14 22 65 116 34 69 
47 82 113 102 2 123 37 113 94 85 
88 78 26 86 65 102 112 38 107 107 

102 43 13 91 40 85 86 98 100 61 
106 93 86 44 17 121 40 51 44 13 
116 65 105 67 79 119 90 37 22 119 
50 87 23 117 11 39 47 42 114 53 
33 89 71 12 105 14 112 5 78 81 
114 75 29 64 15 75 35 68 98 8 
37 121 62 81 17 80 76 13 27 49 
111 111 73 73 98 72 29 77 89 30 
65 68 40 91 115 73 97 9 53 25 
6 79 3 76 62 3 119 21 16 13 

