budget
1479
per_unit_time_cost_of_each_machine
7 10 4 
job_processing_time_on_each_machine
40 61 46 
61 96 43 
25 44 47 
9 6 69 
67 90 78 
63 22 77 
64 68 39 
1 83 12 
per_unit_time_realse_of_each_job
203
224
221
162
51
91
20
185
per_unit_setup_time__of_each_machine
28 15 4 8 2 46 15 30 
30 28 11 23 8 33 20 5 
34 43 9 32 38 36 21 17 
6 33 8 33 6 49 46 11 
12 21 39 45 22 44 46 15 
28 1 27 25 48 38 12 19 
44 42 40 18 20 10 25 41 
49 2 31 3 36 33 36 43 

49 8 23 10 10 44 23 10 
44 45 20 38 21 28 17 44 
28 12 11 24 8 14 11 17 
43 34 48 12 31 26 35 21 
49 33 30 49 42 14 24 2 
20 17 8 4 43 33 45 37 
27 10 5 14 41 3 2 6 
26 26 35 47 20 26 6 43 

35 12 32 42 17 30 7 24 
17 17 44 14 17 46 36 40 
44 22 7 32 38 17 2 4 
25 49 3 12 12 38 2 23 
5 32 13 25 39 1 45 1 
17 42 35 21 13 17 42 10 
12 28 47 17 29 43 19 11 
33 3 21 16 39 27 5 10 

