budget
5352
per_unit_time_cost_of_each_machine
7 13 6 
job_processing_time_on_each_machine
23 25 15 
2 77 66 
91 87 7 
11 97 41 
48 20 76 
9 88 98 
44 82 88 
21 67 48 
59 84 28 
95 83 18 
per_unit_time_realse_of_each_job
111
266
126
184
142
226
178
260
129
45
per_unit_setup_time__of_each_machine
24 101 19 30 2 96 19 2 27 85 
15 1 15 109 12 6 67 67 105 39 
84 13 117 64 93 49 77 28 24 20 
122 32 103 106 110 116 102 6 5 39 
21 83 97 36 16 39 87 58 1 119 
33 93 109 59 7 122 38 72 93 78 
72 11 64 38 62 47 69 45 39 26 
44 60 52 112 106 106 80 5 36 64 
47 88 109 3 31 92 49 46 77 78 
64 65 42 11 2 2 93 111 64 62 

20 73 116 79 61 121 52 117 87 64 
104 49 52 95 73 33 94 3 17 90 
37 119 20 22 27 34 111 54 11 11 
88 107 82 46 65 66 15 113 113 14 
120 3 32 53 53 39 45 15 33 100 
77 94 91 124 67 53 39 79 99 88 
8 81 15 92 120 74 75 15 70 124 
39 25 124 90 19 48 118 37 29 97 
33 52 23 80 70 16 67 46 45 91 
7 53 62 124 74 120 83 80 70 60 

16 123 56 102 58 110 100 53 98 43 
10 58 109 70 69 51 87 119 18 49 
1 96 21 13 22 96 66 20 23 92 
2 110 7 45 86 112 119 106 29 18 
93 43 102 88 46 94 25 98 6 10 
79 85 124 33 14 112 115 10 109 93 
75 30 123 124 111 6 95 49 83 10 
13 65 20 113 27 37 15 113 94 50 
94 8 109 60 30 74 6 49 38 65 
117 53 15 11 94 84 117 31 82 35 

