budget
3252
per_unit_time_cost_of_each_machine
3 4 9 
job_processing_time_on_each_machine
45 64 73 
27 29 69 
45 53 78 
45 88 81 
42 57 26 
93 58 56 
57 28 63 
53 20 78 
96 1 19 
90 81 15 
per_unit_time_realse_of_each_job
3
3
30
1
20
4
3
4
2
25
per_unit_setup_time__of_each_machine
30 48 9 89 11 73 94 77 7 97 
36 4 48 21 98 89 45 43 46 30 
9 94 59 12 40 43 56 42 74 60 
56 57 96 57 68 18 95 13 82 45 
84 89 30 18 63 56 79 73 28 20 
54 47 21 79 25 76 29 18 70 9 
8 19 49 63 43 50 3 41 47 98 
91 64 74 70 8 43 64 76 88 34 
13 98 24 88 45 59 16 70 21 88 
80 30 36 16 45 8 44 81 28 81 

74 77 58 94 61 48 19 1 62 19 
83 67 80 18 13 51 73 36 83 8 
60 97 33 49 3 2 69 86 81 73 
47 7 46 17 54 96 46 1 99 60 
28 46 57 71 18 87 65 75 53 41 
19 95 98 62 54 57 8 47 81 95 
50 23 46 33 92 7 90 26 37 79 
70 34 94 40 37 37 23 90 10 50 
93 25 44 35 2 69 56 93 13 46 
75 22 51 96 96 24 99 57 2 34 

49 11 36 84 49 6 85 54 5 79 
60 14 61 58 18 30 37 78 38 42 
37 15 83 57 96 38 53 86 16 4 
68 71 11 87 85 21 44 67 98 10 
76 80 14 46 83 36 33 77 89 21 
78 36 60 88 66 84 9 56 56 77 
48 99 94 83 56 76 89 97 87 74 
9 85 65 92 52 77 47 74 17 71 
48 99 44 52 22 28 23 86 15 36 
28 99 60 22 30 15 33 20 9 17 

