budget
2380
per_unit_time_cost_of_each_machine
7 6 13 
job_processing_time_on_each_machine
54 87 21 
8 80 25 
59 43 22 
65 25 26 
89 42 79 
60 60 2 
85 77 34 
29 94 59 
85 71 1 
84 85 64 
per_unit_time_realse_of_each_job
174
29
162
27
143
99
122
93
114
28
per_unit_setup_time__of_each_machine
6 6 5 5 1 3 9 6 8 6 
8 2 7 4 1 1 2 3 1 8 
1 7 4 8 6 9 9 1 8 5 
7 6 4 4 4 2 7 7 4 8 
5 6 8 4 3 8 7 1 1 5 
9 9 6 5 9 9 3 2 9 2 
7 9 6 6 1 7 3 4 1 6 
8 9 3 2 4 8 9 7 1 3 
5 5 1 2 8 7 2 5 8 1 
4 9 9 4 2 2 7 4 4 6 

2 7 1 4 5 2 1 8 9 6 
5 9 5 8 3 3 8 1 8 9 
7 3 8 1 4 3 3 7 9 2 
2 6 2 2 3 9 6 6 4 3 
3 7 4 8 1 4 9 8 4 4 
2 6 4 2 9 1 9 1 6 6 
2 6 4 3 6 7 9 2 2 1 
3 7 9 2 7 9 7 7 3 1 
9 9 2 4 4 9 1 9 2 3 
6 8 5 5 2 6 6 5 1 3 

7 3 4 5 8 8 3 2 7 4 
1 9 2 7 8 9 2 5 5 7 
1 1 5 1 4 9 8 2 6 1 
3 4 6 8 8 3 4 1 7 9 
7 8 3 9 4 8 8 4 4 2 
9 5 3 6 1 5 6 7 1 8 
9 1 2 8 6 3 6 7 3 3 
5 1 9 2 2 3 7 9 7 5 
7 5 3 1 1 7 4 9 4 6 
7 6 9 9 2 9 4 8 8 1 

