budget
5688
per_unit_time_cost_of_each_machine
8 10 14 
job_processing_time_on_each_machine
75 86 25 
30 74 37 
12 9 75 
89 77 71 
29 24 44 
1 21 25 
73 36 94 
18 67 74 
98 14 83 
17 61 60 
per_unit_time_realse_of_each_job
10
16
30
51
72
5
15
116
165
113
per_unit_setup_time__of_each_machine
32 40 28 44 17 17 46 8 34 26 
5 2 34 36 44 31 32 49 2 45 
1 7 7 17 28 17 39 19 14 22 
29 8 9 4 34 26 44 39 43 5 
12 29 5 34 17 49 11 18 19 24 
21 34 30 16 5 42 36 29 39 25 
32 30 3 5 40 14 18 45 10 10 
21 1 19 41 19 24 24 2 45 23 
42 11 8 1 16 16 43 40 14 18 
28 23 27 46 18 1 4 10 4 28 

35 14 5 35 21 27 37 39 39 41 
24 49 40 45 2 46 24 11 37 45 
4 37 6 42 7 11 9 11 35 23 
43 33 36 47 19 37 3 30 40 6 
2 20 9 33 44 43 23 15 2 26 
10 24 44 8 10 36 8 31 31 39 
12 37 47 10 13 15 47 11 6 21 
13 16 11 19 47 48 30 7 4 35 
44 6 17 34 32 49 23 45 34 27 
37 49 10 3 26 20 30 28 49 42 

42 34 46 45 43 32 1 45 20 43 
10 37 36 31 31 40 32 13 29 9 
36 26 29 8 10 45 21 47 44 48 
17 37 32 21 22 37 1 44 47 10 
6 25 34 25 27 29 5 12 43 37 
32 28 42 14 44 12 26 19 40 27 
34 42 4 32 15 47 24 2 2 45 
20 13 36 26 25 49 14 34 15 39 
21 16 14 6 46 24 40 6 29 44 
11 43 43 14 49 30 23 46 31 6 

