budget
1324
per_unit_time_cost_of_each_machine
3 4 7 
job_processing_time_on_each_machine
52 94 36 
18 67 55 
58 74 17 
59 39 83 
49 80 70 
92 76 44 
18 8 32 
59 89 63 
78 69 4 
14 98 77 
per_unit_time_realse_of_each_job
166
145
139
226
126
121
125
48
19
114
per_unit_setup_time__of_each_machine
9 1 30 14 34 49 38 32 8 33 
37 43 46 42 23 10 46 18 16 44 
18 18 17 39 14 36 16 31 22 27 
39 34 21 1 23 9 14 8 46 8 
38 34 41 35 15 44 28 31 10 43 
28 2 44 30 24 40 19 26 23 46 
12 10 5 32 7 43 12 22 18 7 
49 28 37 25 13 36 29 8 4 26 
10 13 30 35 48 8 49 22 49 11 
25 19 2 17 1 46 16 44 40 45 

3 29 40 46 14 38 49 5 3 13 
44 33 12 35 24 46 12 7 9 7 
38 38 36 13 22 9 23 39 32 22 
9 15 11 12 39 14 13 36 46 32 
13 31 15 49 31 28 19 39 33 40 
25 11 40 36 44 6 38 25 11 8 
12 39 24 2 33 48 29 16 15 3 
5 33 9 44 27 46 41 1 34 44 
39 36 5 49 49 27 40 15 42 3 
27 7 10 29 27 34 35 11 8 33 

47 11 22 28 39 35 45 39 5 44 
19 21 12 22 34 45 3 2 38 37 
31 9 36 13 43 26 3 4 14 20 
9 5 24 30 13 3 12 20 48 29 
16 17 6 8 13 23 23 19 16 6 
46 33 5 35 44 14 13 14 42 18 
43 44 7 19 43 9 29 43 34 44 
4 24 7 47 47 30 6 15 12 12 
21 18 4 29 8 40 17 16 18 2 
47 48 6 7 41 46 4 3 48 40 

