budget
1381
per_unit_time_cost_of_each_machine
15 4 5 
job_processing_time_on_each_machine
35 49 64 
4 99 33 
33 67 7 
79 96 65 
85 33 71 
24 64 15 
19 66 18 
33 69 60 
per_unit_time_realse_of_each_job
93
29
31
114
126
112
28
31
per_unit_setup_time__of_each_machine
24 30 17 31 12 17 46 4 
10 34 9 8 3 31 20 33 
16 11 40 15 32 43 20 23 
30 47 4 33 39 39 3 46 
43 17 8 47 12 34 9 38 
11 2 38 4 45 46 46 42 
3 15 11 33 14 38 20 31 
4 1 42 42 40 2 1 32 

28 6 43 46 43 46 39 17 
15 42 18 31 21 5 5 37 
41 40 34 7 12 43 1 35 
5 5 25 18 19 14 29 14 
48 20 3 10 3 5 37 18 
42 41 28 30 16 14 15 8 
14 15 43 32 5 44 6 30 
47 23 48 23 26 40 9 12 

23 2 39 38 1 43 21 38 
38 45 21 27 35 29 1 20 
39 15 35 19 13 14 38 38 
36 38 33 34 22 39 39 17 
20 40 25 10 31 31 35 39 
12 29 9 8 43 48 45 35 
34 44 9 35 16 27 24 26 
33 18 34 10 22 23 33 34 

