budget
3571
per_unit_time_cost_of_each_machine
13 12 14 
job_processing_time_on_each_machine
22 63 5 
86 56 25 
62 30 13 
3 4 67 
90 90 91 
99 64 3 
40 77 43 
59 69 25 
54 49 82 
6 72 1 
per_unit_time_realse_of_each_job
67
285
279
54
285
258
210
232
165
148
per_unit_setup_time__of_each_machine
3 39 42 26 40 2 39 24 11 32 
32 22 42 42 33 49 27 7 22 28 
30 38 40 3 16 10 4 28 22 7 
28 3 19 11 13 4 13 20 40 37 
3 7 33 2 43 36 8 9 11 12 
14 6 6 12 31 2 44 47 24 34 
19 33 41 39 3 30 15 38 41 34 
17 38 1 46 29 36 24 2 9 45 
48 23 10 35 22 4 42 35 42 38 
10 35 19 47 5 18 3 14 9 15 

46 19 14 44 7 35 1 23 20 36 
46 23 11 2 38 34 9 26 11 15 
41 31 14 19 12 21 12 14 40 23 
20 46 32 44 33 39 45 31 10 27 
34 24 36 29 23 10 4 26 32 28 
27 18 12 3 25 15 40 15 25 26 
19 18 43 16 23 38 5 18 7 24 
48 42 27 16 24 22 48 5 32 3 
35 2 10 19 25 21 18 45 34 20 
47 2 13 13 49 1 11 30 25 10 

32 25 38 10 19 28 10 40 15 25 
49 37 11 48 34 43 41 40 17 16 
40 13 13 14 38 36 18 43 34 39 
46 44 12 43 1 45 46 41 21 29 
26 21 28 9 32 20 5 28 9 23 
39 46 13 17 45 37 23 25 15 46 
2 25 48 18 4 9 5 15 20 26 
42 2 34 39 12 2 17 20 26 20 
4 28 32 43 39 15 24 30 23 9 
3 14 41 49 15 33 37 36 45 21 

