budget
1215
per_unit_time_cost_of_each_machine
9 3 9 
job_processing_time_on_each_machine
6 51 25 
32 34 11 
7 43 9 
95 91 51 
44 81 70 
86 64 68 
59 3 93 
13 53 68 
per_unit_time_realse_of_each_job
66
69
71
37
31
17
22
61
per_unit_setup_time__of_each_machine
33 39 45 14 31 34 5 19 
20 4 46 17 33 27 27 26 
33 26 6 7 26 42 48 33 
2 8 13 19 42 35 26 29 
13 24 34 2 15 40 14 7 
14 23 29 14 31 7 7 28 
14 3 35 20 35 44 12 4 
27 49 24 19 8 21 34 30 

17 11 13 33 35 26 44 8 
11 48 19 39 28 36 39 31 
46 29 26 26 35 40 16 4 
13 1 25 33 20 11 4 11 
45 33 20 44 38 4 32 22 
14 19 5 20 44 3 47 43 
33 35 22 43 18 11 13 8 
31 26 6 23 31 49 41 11 

27 38 12 10 16 41 23 36 
4 27 27 34 13 5 23 36 
33 48 49 48 15 25 2 42 
49 2 34 4 2 9 22 10 
31 26 7 9 48 23 19 4 
41 10 2 15 12 1 15 46 
41 47 6 39 4 9 38 14 
46 29 24 31 18 6 29 27 

