budget
718
per_unit_time_cost_of_each_machine
3 5 3 
job_processing_time_on_each_machine
28 11 91 
97 70 31 
99 36 50 
44 13 24 
72 32 32 
56 88 87 
99 1 77 
3 19 56 
per_unit_time_realse_of_each_job
124
124
39
70
21
40
3
29
per_unit_setup_time__of_each_machine
45 17 44 104 39 33 16 61 
65 24 113 66 62 6 1 94 
87 16 114 81 115 23 104 47 
32 46 34 124 73 60 40 119 
90 38 63 8 104 124 106 40 
6 49 123 98 3 28 105 7 
12 68 33 97 96 87 6 117 
91 7 62 102 56 33 29 106 

106 34 116 87 56 51 6 20 
8 80 21 93 1 81 33 64 
29 79 81 34 69 88 90 69 
94 45 28 47 104 16 110 27 
21 15 29 26 72 11 36 37 
123 60 51 106 81 36 29 8 
44 90 86 14 102 73 65 42 
26 121 6 34 90 122 83 27 

63 19 64 110 116 60 37 92 
50 118 107 108 88 58 102 11 
78 49 121 79 115 47 82 80 
79 7 91 23 78 42 9 27 
11 26 13 41 92 85 104 19 
102 14 27 113 56 19 82 52 
15 27 5 59 92 90 93 31 
1 99 40 77 104 45 115 93 

