budget
2030
per_unit_time_cost_of_each_machine
8 10 14 
job_processing_time_on_each_machine
71 32 40 
86 50 22 
51 11 25 
65 51 37 
91 9 25 
92 12 18 
76 16 71 
86 39 17 
per_unit_time_realse_of_each_job
4
8
7
2
23
24
10
20
per_unit_setup_time__of_each_machine
44 14 20 14 12 22 14 2 
25 29 33 42 24 24 16 36 
43 17 30 14 35 41 22 2 
3 3 26 13 27 39 42 36 
7 21 19 13 41 6 35 45 
21 3 49 48 11 49 30 20 
32 3 38 35 35 11 37 12 
40 49 31 10 40 43 49 32 

4 17 21 44 35 20 48 40 
39 15 5 1 4 27 42 21 
16 11 6 6 15 14 44 24 
49 10 4 16 2 7 7 26 
45 32 45 12 49 26 8 25 
4 30 19 40 49 41 45 21 
28 6 19 27 28 30 23 34 
23 16 26 24 35 30 27 36 

18 42 8 27 1 25 17 19 
26 43 15 16 49 27 46 29 
45 13 38 31 26 19 43 42 
6 18 20 36 12 2 2 47 
8 46 10 18 11 8 2 9 
34 24 23 30 41 28 11 2 
3 42 43 18 16 29 43 29 
18 25 26 10 45 12 16 28 

