budget
1574
per_unit_time_cost_of_each_machine
7 7 5 
job_processing_time_on_each_machine
27 49 94 
35 90 6 
28 58 25 
57 2 1 
98 80 71 
51 3 63 
43 59 66 
46 59 36 
77 43 1 
48 49 40 
per_unit_time_realse_of_each_job
68
8
81
8
106
155
40
118
31
102
per_unit_setup_time__of_each_machine
89 32 4 97 21 3 36 25 82 20 
70 35 49 49 60 23 93 18 43 12 
7 48 30 63 79 78 15 26 6 56 
14 25 50 21 59 51 12 97 65 67 
60 79 96 74 53 55 47 61 25 38 
78 6 53 53 94 98 81 54 29 98 
17 17 15 91 82 70 6 33 39 33 
23 68 38 9 4 6 61 92 16 43 
75 63 8 98 60 12 87 80 57 64 
66 29 76 59 76 51 24 47 9 9 

78 54 53 65 80 93 8 60 66 57 
45 2 12 71 68 52 10 54 95 19 
51 56 58 94 33 20 70 62 67 42 
76 38 17 74 87 42 7 41 60 60 
68 21 98 22 58 64 33 30 93 80 
91 73 64 98 72 66 40 5 51 31 
69 69 44 84 52 80 41 30 3 82 
45 28 79 26 24 34 98 64 5 88 
13 64 32 47 57 82 12 15 66 91 
62 13 41 60 85 2 88 33 10 8 

6 68 80 81 20 87 55 16 76 16 
25 84 76 48 58 90 53 22 13 7 
84 29 25 6 57 72 11 45 41 62 
80 99 19 74 20 35 19 90 8 90 
93 88 68 68 5 52 96 4 29 49 
44 6 81 42 50 61 49 82 57 62 
34 67 20 77 99 95 50 1 17 91 
84 30 15 68 44 89 27 61 56 32 
25 24 11 72 47 21 31 70 9 91 
2 5 1 26 79 59 68 49 95 88 

