budget
1326
per_unit_time_cost_of_each_machine
6 12 9 
job_processing_time_on_each_machine
64 17 19 
2 23 1 
30 50 44 
99 64 97 
13 87 59 
14 18 41 
7 12 10 
1 59 64 
per_unit_time_realse_of_each_job
6
48
56
32
9
21
27
50
per_unit_setup_time__of_each_machine
38 108 7 23 26 74 29 31 
119 60 16 115 6 56 119 102 
88 14 58 71 67 4 5 39 
2 83 75 12 36 89 19 115 
120 76 2 89 22 14 43 58 
8 39 115 62 19 108 97 61 
48 106 41 57 7 7 31 85 
114 18 11 56 25 89 26 30 

73 69 44 78 102 78 79 17 
46 81 50 114 111 22 75 34 
44 39 50 122 50 12 56 70 
88 10 39 65 37 61 86 119 
41 65 55 41 31 76 59 119 
69 92 21 110 117 112 39 105 
110 123 73 121 110 77 44 24 
71 93 2 10 67 59 23 13 

105 19 56 43 116 2 17 113 
38 46 48 63 101 72 55 49 
1 21 42 52 110 97 38 32 
51 29 34 68 124 62 84 33 
92 47 106 12 21 86 10 27 
32 53 122 32 48 80 56 74 
86 85 17 112 111 20 108 33 
77 25 49 59 43 78 43 62 

