budget
2254
per_unit_time_cost_of_each_machine
7 10 13 
job_processing_time_on_each_machine
65 24 35 
36 96 62 
70 35 18 
62 28 62 
37 8 70 
18 32 71 
25 52 27 
11 69 33 
72 77 90 
2 49 36 
per_unit_time_realse_of_each_job
92
35
37
86
9
29
22
111
44
161
per_unit_setup_time__of_each_machine
8 9 4 6 3 2 9 2 6 9 
9 3 3 2 4 2 1 7 9 2 
4 5 5 4 1 9 5 4 6 6 
9 1 6 8 3 3 8 6 5 4 
4 9 3 2 2 9 8 5 1 7 
3 5 4 3 4 1 5 4 9 9 
7 8 4 4 8 4 3 5 8 6 
3 4 1 4 9 6 1 9 5 3 
2 8 5 6 3 7 2 3 7 9 
5 8 5 6 4 7 4 3 6 5 

9 2 3 3 1 7 8 3 2 1 
1 7 9 3 4 8 1 4 5 7 
4 4 2 4 1 6 7 5 5 8 
4 8 2 3 5 9 6 6 3 9 
5 5 3 4 3 6 3 8 4 2 
2 3 7 4 4 8 6 5 4 8 
9 5 8 1 3 8 5 5 8 6 
3 7 7 7 1 8 7 7 8 1 
1 1 9 5 4 3 6 8 3 5 
4 1 7 9 7 5 9 9 8 7 

9 7 9 2 3 3 6 9 8 5 
9 1 6 3 9 5 4 4 8 6 
9 8 9 6 3 3 5 9 6 4 
8 3 7 6 4 5 5 3 4 6 
9 8 6 2 8 8 4 8 1 8 
3 7 4 2 3 6 5 9 9 9 
8 7 5 7 1 5 1 5 7 8 
6 2 7 1 8 4 8 7 6 7 
4 2 6 6 6 5 3 7 8 2 
2 1 2 4 7 6 8 8 5 5 

