budget
1354
per_unit_time_cost_of_each_machine
4 12 5 
job_processing_time_on_each_machine
16 59 68 
7 87 47 
69 29 31 
34 89 13 
73 40 25 
61 89 28 
89 96 63 
50 38 45 
per_unit_time_realse_of_each_job
28
115
52
71
64
104
97
133
per_unit_setup_time__of_each_machine
18 33 46 91 44 31 56 36 
50 25 49 2 21 3 81 8 
7 38 96 72 14 71 65 76 
12 3 91 38 99 54 21 49 
60 24 45 89 32 23 15 37 
51 82 72 94 68 36 11 60 
8 79 72 60 78 88 88 71 
81 12 89 36 51 13 57 29 

51 87 75 48 79 14 49 2 
2 78 25 73 42 34 11 11 
95 12 10 53 58 72 71 13 
34 97 87 43 47 20 6 14 
92 88 17 99 61 54 81 33 
65 92 42 5 17 50 95 84 
74 6 74 25 3 51 97 23 
81 93 57 19 86 55 94 96 

87 2 23 64 98 52 59 67 
6 15 31 40 13 97 8 40 
40 41 7 38 7 18 73 55 
35 45 42 6 12 61 73 4 
30 10 16 42 60 78 49 76 
81 40 73 17 98 44 4 68 
89 3 16 35 12 18 29 2 
4 4 59 32 18 39 14 93 

