budget
4859
per_unit_time_cost_of_each_machine
15 12 6 
job_processing_time_on_each_machine
56 43 75 
53 97 82 
72 1 62 
89 82 66 
14 74 31 
44 4 54 
94 81 18 
18 35 38 
per_unit_time_realse_of_each_job
50
78
77
51
78
68
66
2
per_unit_setup_time__of_each_machine
53 3 113 16 12 17 52 50 
38 107 115 63 65 117 114 65 
40 30 38 47 86 101 73 78 
6 45 48 108 76 81 85 113 
52 12 88 34 69 108 72 56 
81 98 14 79 107 89 61 6 
117 74 122 44 123 72 94 27 
115 83 9 107 115 7 38 111 

56 69 60 68 36 13 67 62 
11 110 64 56 101 26 109 109 
59 51 32 92 58 36 77 60 
16 52 66 40 6 56 79 46 
110 24 58 65 46 55 64 117 
124 82 5 6 75 62 105 123 
14 49 124 92 44 43 42 2 
91 20 50 10 1 73 64 44 

124 23 114 33 53 67 108 4 
52 121 106 65 37 90 70 83 
30 87 73 35 115 51 123 60 
66 75 78 89 80 122 86 57 
4 47 42 69 83 13 11 15 
15 78 47 86 36 5 11 74 
119 110 112 93 9 117 57 114 
91 17 13 65 80 26 5 47 

