budget
3692
per_unit_time_cost_of_each_machine
12 8 12 
job_processing_time_on_each_machine
99 37 72 
60 77 56 
45 92 95 
34 58 71 
5 53 17 
86 75 20 
99 58 39 
26 10 61 
31 15 39 
50 81 86 
per_unit_time_realse_of_each_job
67
57
54
43
66
21
35
77
77
25
per_unit_setup_time__of_each_machine
2 4 8 6 2 8 5 2 9 9 
2 5 7 6 4 1 4 1 7 4 
8 8 3 2 9 7 3 4 5 4 
4 6 2 8 1 7 5 5 3 1 
9 1 4 2 5 1 9 8 7 5 
8 4 1 1 8 1 5 3 1 1 
4 2 2 1 7 1 4 7 2 4 
9 9 2 3 9 2 5 1 1 5 
5 9 4 5 1 1 6 1 9 2 
1 6 3 5 7 6 4 2 3 1 

5 7 3 1 4 9 7 2 3 6 
6 3 9 7 8 8 8 4 2 9 
8 1 4 2 3 3 2 4 3 8 
8 8 7 2 8 2 8 4 8 3 
5 7 3 4 6 3 7 3 6 2 
5 5 8 8 7 2 4 2 7 7 
7 4 6 5 7 2 6 1 6 7 
4 5 3 6 6 1 4 3 8 9 
2 3 3 7 2 6 2 4 1 5 
8 4 1 7 6 8 1 1 6 3 

9 9 5 7 7 9 4 3 7 6 
6 5 1 1 6 9 9 4 3 4 
8 5 4 8 2 5 8 2 5 5 
5 6 2 7 3 4 5 2 6 1 
6 8 7 7 7 7 1 9 2 7 
4 5 7 5 8 5 1 9 2 2 
1 9 4 5 4 8 1 4 3 8 
7 1 9 5 2 1 3 8 8 1 
5 1 9 1 9 1 6 5 2 1 
4 6 1 5 1 3 5 6 1 1 

