budget
4652
per_unit_time_cost_of_each_machine
8 10 11 5 5 
job_processing_time_on_each_machine
55 74 97 48 21 
4 59 11 86 69 
21 16 75 57 86 
32 1 23 78 56 
26 65 72 1 31 
34 96 98 48 5 
56 86 33 55 33 
24 57 76 1 14 
74 52 2 73 59 
49 42 28 51 41 
39 65 33 4 75 
43 42 28 6 75 
per_unit_time_realse_of_each_job
16
3
3
1
11
17
20
2
7
14
12
9
per_unit_setup_time__of_each_machine
19 18 29 14 26 30 1 8 4 17 16 34 
1 23 47 30 35 43 24 20 33 46 40 34 
29 8 14 33 33 12 18 15 9 36 12 19 
5 43 29 1 36 36 15 41 45 4 23 12 
28 4 36 3 13 42 5 21 31 24 25 21 
47 10 20 12 17 2 30 16 30 37 2 28 
23 31 30 15 18 48 30 45 34 12 4 2 
13 25 42 49 23 10 1 42 2 21 31 30 
36 9 29 43 49 46 19 47 44 7 45 13 
16 39 34 45 8 18 36 3 36 31 18 29 
38 33 8 44 5 5 44 43 16 39 6 30 
11 10 18 31 28 44 26 44 9 23 10 21 

45 48 33 5 14 16 41 47 8 42 6 34 
40 15 42 8 4 41 47 8 1 41 22 47 
5 42 35 3 44 27 43 11 28 23 21 14 
38 48 45 14 28 9 18 10 34 17 4 31 
15 42 26 39 31 23 37 31 42 38 47 10 
48 27 44 33 19 27 36 42 4 17 28 17 
46 46 39 49 46 46 17 31 32 19 1 3 
16 47 9 49 48 46 11 48 45 33 45 2 
25 43 27 24 32 17 4 12 14 49 2 25 
16 11 6 43 25 18 47 25 10 19 4 22 
44 11 8 49 35 24 25 12 37 14 49 40 
45 6 39 48 38 35 44 31 6 3 9 20 

6 45 37 34 27 46 22 16 28 28 21 7 
10 3 38 12 27 16 23 36 40 24 48 22 
25 14 48 37 21 7 44 44 7 41 44 18 
34 24 4 4 8 32 15 15 9 30 9 32 
48 21 1 10 29 45 30 6 22 48 9 34 
16 22 8 33 17 18 19 5 2 20 7 11 
37 26 44 16 37 39 26 35 42 1 23 3 
12 40 6 29 24 29 17 16 43 41 16 31 
35 44 8 17 47 21 42 9 38 26 20 16 
38 8 35 25 49 42 1 12 40 28 22 18 
20 35 39 39 12 42 46 26 41 40 9 8 
20 35 4 47 3 2 41 44 20 1 34 38 

38 23 21 41 18 19 9 36 42 25 11 7 
4 11 49 40 45 28 25 1 2 32 33 48 
19 48 29 32 16 38 27 4 40 25 26 36 
23 38 9 21 20 36 33 36 40 17 11 22 
44 9 14 33 40 26 10 25 19 5 41 43 
22 39 18 6 24 5 14 37 22 29 34 13 
27 43 49 44 31 40 5 18 2 36 49 5 
25 3 9 33 18 24 31 45 48 20 46 47 
14 37 37 16 23 19 36 10 45 38 46 34 
1 18 22 1 14 28 36 37 30 44 28 35 
38 34 43 42 34 28 25 14 41 35 37 11 
46 10 2 25 37 16 12 46 11 11 45 15 

47 18 7 43 32 32 28 48 33 46 47 49 
39 33 15 45 45 4 12 41 48 45 49 44 
12 21 4 22 14 25 17 47 16 32 34 9 
23 15 5 36 28 18 23 7 43 28 49 12 
12 47 26 11 40 31 13 5 21 17 32 48 
10 25 12 27 13 8 37 43 17 40 49 40 
18 2 39 41 34 40 35 28 42 41 23 10 
8 20 20 5 27 43 48 44 17 23 28 41 
26 37 35 19 45 15 17 45 5 27 44 41 
5 39 14 2 26 20 1 29 38 46 12 6 
23 43 11 32 38 38 3 43 3 4 15 43 
16 39 46 8 34 47 27 47 35 45 39 45 

