budget
5354
per_unit_time_cost_of_each_machine
8 4 5 6 11 
job_processing_time_on_each_machine
90 13 47 88 30 
84 26 15 71 83 
92 89 82 53 54 
69 15 15 49 81 
38 74 75 97 38 
93 35 35 80 5 
97 18 31 27 13 
40 26 40 7 65 
8 77 57 81 95 
98 3 70 5 94 
69 2 21 95 81 
7 97 32 28 50 
per_unit_time_realse_of_each_job
154
107
77
132
152
7
39
172
66
110
127
96
per_unit_setup_time__of_each_machine
86 78 47 22 70 113 4 79 85 121 119 43 
47 9 9 2 21 95 64 44 94 112 30 109 
116 88 65 72 83 39 12 33 76 15 81 56 
36 119 83 44 78 46 18 107 107 72 49 112 
61 54 32 123 74 65 98 60 73 109 92 38 
44 113 22 21 64 86 9 18 22 123 122 106 
24 80 30 102 60 40 95 69 67 111 38 90 
44 120 97 28 73 17 59 103 19 32 42 49 
94 10 124 32 39 67 56 98 6 109 7 47 
98 120 94 9 103 17 119 90 46 73 56 29 
110 121 11 14 118 120 67 79 66 69 113 47 
124 37 70 95 20 54 64 102 65 13 87 97 

117 58 19 62 78 22 99 75 123 21 71 59 
43 40 122 14 40 85 117 86 119 46 100 45 
9 63 22 95 17 27 22 27 37 120 117 114 
14 113 5 115 92 33 8 75 109 66 78 87 
120 39 11 94 45 66 53 80 83 4 92 55 
62 58 98 21 15 124 65 119 121 112 119 93 
5 17 10 65 3 24 88 40 42 11 124 26 
106 56 85 21 17 1 35 53 57 81 16 19 
119 121 92 83 99 113 68 11 74 80 124 13 
27 43 55 72 83 117 23 98 63 94 73 55 
91 57 2 17 4 6 39 48 118 45 38 93 
15 45 41 27 59 124 14 71 72 83 104 39 

89 72 102 106 70 86 53 119 98 121 66 16 
117 95 120 40 2 78 39 26 87 107 42 12 
4 79 10 96 54 4 111 106 105 65 114 75 
32 85 120 24 24 21 39 1 106 109 26 111 
52 70 121 116 90 53 106 26 57 10 85 47 
37 117 43 92 60 40 113 104 62 103 63 42 
22 53 120 96 17 108 22 66 1 59 115 18 
100 57 81 90 63 76 46 85 45 11 89 1 
44 37 107 57 15 80 41 101 4 25 29 94 
72 108 32 12 83 121 111 21 66 100 100 39 
124 43 115 101 38 70 96 18 67 12 23 90 
22 3 31 66 15 56 91 110 57 116 75 89 

48 58 33 23 82 90 15 46 41 109 100 63 
89 110 69 78 112 77 58 92 21 102 73 76 
77 27 30 120 119 5 15 122 55 77 7 123 
21 79 81 29 59 47 10 75 80 91 11 21 
82 71 112 59 35 3 110 51 3 6 109 77 
121 8 122 117 88 113 110 26 119 74 91 34 
120 37 57 38 40 84 83 24 103 55 40 89 
112 99 31 32 22 37 85 44 105 6 105 21 
106 107 69 102 81 77 117 69 82 79 96 79 
86 123 45 106 2 65 86 48 12 57 123 118 
25 104 70 93 14 26 51 51 111 63 57 114 
97 106 14 44 91 113 32 62 48 42 56 35 

107 109 15 63 110 95 26 5 7 74 99 124 
92 115 106 21 82 57 49 54 45 78 42 57 
117 86 64 80 60 98 97 43 46 15 11 23 
65 75 66 34 6 37 100 82 83 28 46 114 
35 40 35 115 39 21 30 107 43 43 97 112 
124 43 51 47 11 110 57 47 18 39 97 79 
33 23 50 46 31 70 84 107 122 97 115 96 
5 78 114 99 73 64 22 122 82 52 115 54 
110 79 122 51 14 13 11 75 16 37 65 17 
40 69 28 51 67 37 34 57 78 11 93 56 
47 49 88 55 108 103 52 9 27 10 97 87 
29 110 41 43 111 27 60 38 79 93 29 122 

