budget
1746
per_unit_time_cost_of_each_machine
8 5 14 5 8 
job_processing_time_on_each_machine
38 52 33 34 30 
90 39 20 26 49 
28 76 47 30 27 
51 16 6 38 31 
43 6 60 21 59 
39 94 59 68 86 
79 54 23 9 34 
97 77 19 39 37 
40 67 55 78 70 
86 3 95 44 42 
per_unit_time_realse_of_each_job
89
21
22
99
137
85
163
39
21
53
per_unit_setup_time__of_each_machine
43 29 34 11 33 19 4 21 7 22 
40 41 34 18 11 31 6 5 26 42 
3 24 35 42 40 16 49 34 46 11 
46 46 4 48 11 47 17 20 31 48 
21 30 26 43 16 42 1 38 20 17 
30 44 47 9 8 7 5 40 7 45 
45 24 1 24 13 38 11 3 13 9 
31 35 11 8 14 14 5 20 33 47 
7 45 29 21 31 33 47 25 7 46 
27 33 9 3 11 11 27 8 21 28 

13 31 39 12 22 32 28 47 25 27 
30 25 25 20 2 41 6 22 13 36 
40 4 4 15 40 32 16 16 9 11 
19 34 7 42 46 48 30 15 1 15 
36 49 42 8 11 41 10 11 21 48 
40 13 13 22 36 17 25 11 21 6 
33 41 15 4 41 11 13 43 27 18 
40 15 16 19 6 25 6 47 39 3 
12 25 36 44 34 4 38 18 26 9 
26 26 3 12 49 18 23 37 14 43 

40 32 18 45 16 42 24 20 38 24 
7 25 5 30 25 18 44 44 26 12 
8 30 37 34 25 25 8 39 6 22 
23 36 44 6 14 30 46 26 41 48 
4 18 32 41 17 48 37 39 32 5 
49 30 23 41 16 16 9 26 15 18 
25 14 17 10 23 1 49 46 26 33 
11 28 48 8 30 23 44 18 45 35 
20 48 34 30 9 45 16 31 15 14 
7 16 27 34 15 3 17 10 43 33 

8 39 14 32 13 38 48 36 18 41 
31 25 49 11 42 46 46 15 36 30 
21 17 20 21 19 28 5 30 29 30 
38 8 29 6 27 5 49 35 22 33 
6 31 15 2 49 1 23 39 16 47 
6 23 30 31 3 49 49 36 9 20 
29 27 17 23 10 42 9 45 39 15 
13 2 43 22 26 24 44 12 28 8 
41 40 21 17 16 7 26 29 6 25 
25 7 39 4 32 47 30 43 20 28 

16 36 17 23 3 35 13 12 2 23 
5 13 46 23 11 45 34 23 2 29 
32 46 12 28 22 20 41 1 5 2 
5 16 16 46 44 41 26 15 3 28 
5 36 1 7 22 1 22 6 25 24 
1 18 19 35 29 10 30 17 35 40 
6 32 25 22 15 26 42 48 2 14 
28 30 1 31 4 29 10 14 44 37 
4 11 19 26 4 3 33 43 6 36 
6 13 27 49 49 14 31 9 32 42 

