budget
1286
per_unit_time_cost_of_each_machine
6 13 3 7 3 
job_processing_time_on_each_machine
24 34 58 61 52 
65 70 42 55 25 
65 7 12 28 92 
79 73 69 56 8 
59 82 44 32 9 
12 85 26 58 26 
2 93 40 41 20 
60 86 82 90 81 
9 45 71 79 54 
82 60 39 19 3 
96 90 91 74 34 
72 29 30 3 45 
per_unit_time_realse_of_each_job
10
5
15
5
11
6
22
13
20
6
16
19
per_unit_setup_time__of_each_machine
39 44 23 31 35 18 10 40 31 9 11 38 
24 28 5 4 8 43 12 32 5 12 18 42 
41 38 10 42 44 28 42 16 3 48 37 15 
37 28 21 13 28 14 43 32 39 39 1 10 
22 44 27 22 14 48 13 21 42 1 43 16 
43 20 34 32 9 19 26 30 16 11 49 25 
12 11 16 28 13 43 28 19 12 26 19 1 
40 31 29 46 32 11 47 18 28 14 23 28 
10 28 13 8 45 41 13 41 37 38 7 29 
3 21 48 6 22 29 23 8 26 24 15 3 
48 8 38 6 23 21 29 29 48 24 20 32 
1 49 6 27 21 48 33 9 49 40 23 46 

36 7 18 39 7 36 45 47 46 3 15 32 
41 8 3 36 7 24 35 35 12 45 10 10 
37 26 49 24 30 15 1 43 43 8 27 48 
5 15 46 5 45 20 19 21 39 31 30 39 
36 47 15 28 22 30 18 19 31 19 22 25 
2 35 27 24 20 18 42 8 35 27 4 10 
7 40 21 13 23 29 45 29 21 34 24 35 
43 22 10 36 46 20 3 45 20 10 2 17 
11 31 35 49 3 17 30 1 39 46 14 8 
29 43 33 25 32 10 30 31 48 18 29 5 
21 11 21 2 38 1 10 42 22 7 33 24 
4 23 10 3 1 30 42 26 44 7 41 32 

10 36 20 5 16 19 30 45 41 32 42 18 
42 37 9 29 5 46 32 25 9 22 30 19 
16 6 47 31 22 33 16 44 41 47 12 21 
14 8 41 6 25 35 31 35 2 5 46 2 
43 29 24 33 44 12 13 41 35 37 24 47 
17 12 4 47 23 40 29 32 37 17 18 8 
15 8 1 31 21 25 6 3 11 43 39 19 
40 27 7 48 30 22 13 39 27 41 48 35 
48 44 28 20 21 1 13 12 21 20 29 39 
12 5 6 7 8 11 31 39 49 24 32 20 
27 42 7 44 37 22 48 10 43 25 30 26 
19 27 16 32 42 31 28 11 12 40 19 13 

11 41 17 18 44 23 36 40 4 46 21 20 
12 8 9 5 44 23 39 10 19 42 30 45 
19 35 1 20 48 7 38 9 40 17 49 15 
1 49 3 29 45 25 36 43 31 8 24 35 
45 38 41 27 5 39 45 40 29 36 32 21 
39 23 34 44 28 19 34 18 16 19 28 8 
7 6 16 46 26 11 3 15 3 31 38 14 
23 35 39 34 9 47 24 41 31 10 37 48 
14 48 9 38 48 17 44 12 16 15 16 11 
43 47 37 35 26 34 15 16 46 42 37 19 
2 9 49 13 47 5 6 11 19 46 29 31 
16 43 47 29 22 15 21 21 46 26 9 37 

2 29 47 49 5 37 28 38 49 28 11 24 
2 3 5 26 29 22 31 44 16 40 43 10 
22 27 14 22 38 48 47 1 22 33 8 22 
13 40 2 12 16 17 38 37 36 49 4 47 
9 37 19 13 48 30 15 29 44 22 29 2 
48 21 34 46 3 49 22 39 30 49 18 11 
45 18 25 31 43 23 45 33 33 37 6 37 
5 27 18 4 4 6 47 8 22 40 11 5 
16 4 10 14 5 43 41 19 33 24 49 44 
35 15 34 43 26 39 30 3 1 10 46 12 
21 8 16 6 10 45 6 36 45 44 22 28 
47 6 33 47 6 1 3 45 46 11 47 34 

