budget
2134
per_unit_time_cost_of_each_machine
14 11 9 9 4 
job_processing_time_on_each_machine
54 36 12 33 59 
60 15 18 20 10 
36 66 91 72 90 
21 22 51 96 7 
59 67 46 33 48 
11 35 60 18 22 
15 81 18 13 98 
20 19 18 31 82 
24 66 25 79 29 
79 66 36 45 99 
26 8 47 19 46 
54 56 42 53 39 
per_unit_time_realse_of_each_job
86
10
85
81
82
68
46
45
74
79
29
37
per_unit_setup_time__of_each_machine
4 44 13 40 2 28 14 39 42 15 23 42 
45 30 34 10 49 25 39 13 37 11 18 11 
29 4 12 3 48 48 49 48 23 20 7 38 
8 26 17 15 5 43 27 23 44 44 2 45 
24 41 15 48 19 16 46 2 34 15 35 13 
37 14 19 31 48 3 15 16 33 10 11 46 
48 39 20 22 37 38 27 46 4 6 42 48 
28 20 28 4 49 21 24 49 37 40 5 9 
18 10 24 9 3 39 19 2 43 27 22 30 
9 15 36 44 24 34 31 7 12 43 1 40 
24 30 27 25 30 9 41 21 48 20 32 20 
38 34 30 17 13 48 44 27 40 49 34 31 

34 37 34 4 41 29 8 26 17 18 41 23 
22 26 20 45 24 48 1 48 47 33 42 39 
42 13 9 44 12 4 21 5 1 6 20 21 
30 29 35 35 31 24 24 25 39 22 36 39 
41 48 40 22 6 5 45 42 1 44 24 39 
11 14 15 33 38 5 40 45 9 21 40 22 
32 23 36 26 31 35 41 42 1 14 49 7 
13 45 22 27 42 22 24 20 7 11 26 29 
45 47 37 48 43 41 46 13 29 11 36 45 
27 17 8 18 31 46 1 7 14 32 23 8 
1 5 16 10 43 37 11 25 32 21 29 17 
21 49 6 18 30 20 43 47 22 5 24 43 

13 13 39 41 25 47 8 9 24 19 47 17 
48 12 4 37 49 46 29 39 26 17 19 25 
24 34 40 28 38 42 9 20 5 43 38 5 
11 10 2 1 27 42 24 19 32 35 9 25 
2 33 15 3 2 25 39 45 38 28 23 39 
11 13 26 18 19 42 8 42 30 26 23 34 
14 37 15 15 3 19 48 44 6 9 40 49 
36 38 13 24 40 8 35 18 8 11 6 15 
18 25 16 39 27 23 22 31 41 26 15 19 
49 49 38 31 48 41 43 30 40 10 43 33 
40 20 9 5 6 24 48 9 7 12 21 42 
4 27 43 46 7 29 7 10 37 10 12 8 

40 42 39 40 34 41 40 44 34 26 48 42 
29 30 11 27 42 17 44 26 22 1 47 15 
22 18 7 41 11 31 35 49 21 40 27 34 
10 28 42 35 2 34 23 33 47 28 41 24 
35 45 5 30 29 15 41 44 29 5 9 7 
40 44 40 29 45 6 9 44 39 44 21 17 
31 4 14 34 2 17 31 27 35 43 35 3 
40 4 21 23 8 22 43 36 27 13 41 16 
22 47 24 5 24 21 26 18 19 22 1 40 
43 14 30 18 33 24 4 37 33 11 17 22 
14 4 3 16 8 38 21 43 48 32 7 37 
3 24 16 14 36 21 24 34 42 3 17 28 

45 31 28 49 16 13 15 33 36 2 2 49 
39 19 17 22 1 42 21 14 6 32 17 49 
45 36 2 2 46 23 13 49 32 23 26 30 
47 25 43 42 49 22 10 27 27 16 13 2 
6 15 41 11 5 10 22 27 25 18 24 26 
28 28 11 46 3 16 6 24 6 12 24 42 
9 12 40 20 21 33 18 42 21 5 40 3 
46 5 20 31 40 36 10 46 15 30 42 24 
10 1 19 15 26 43 46 22 18 48 11 15 
6 41 40 24 30 41 17 29 46 27 15 30 
38 26 44 49 38 27 25 47 6 26 9 22 
6 43 45 40 27 28 48 39 37 42 17 20 

