budget
5294
per_unit_time_cost_of_each_machine
3 6 12 7 5 
job_processing_time_on_each_machine
48 79 95 85 30 
89 88 50 41 40 
97 3 83 12 65 
90 25 44 15 72 
62 60 62 7 52 
42 64 43 29 93 
43 99 54 35 51 
83 38 91 36 58 
35 5 68 81 12 
16 78 37 38 88 
84 91 15 89 43 
69 15 90 13 16 
per_unit_time_realse_of_each_job
67
9
105
137
167
91
14
158
58
37
4
41
per_unit_setup_time__of_each_machine
42 80 51 90 59 15 21 43 36 95 7 29 
70 40 73 49 34 59 28 82 5 27 19 60 
45 39 20 12 35 98 69 19 10 3 14 92 
17 25 27 82 67 1 48 68 52 14 16 30 
29 65 43 26 50 41 98 12 22 60 60 10 
73 12 81 42 30 66 51 84 66 68 99 17 
24 2 94 28 81 26 9 80 67 80 13 57 
79 53 39 21 25 10 93 98 29 85 60 14 
46 24 77 98 89 78 17 91 45 53 50 59 
75 99 55 54 62 39 11 27 21 52 51 25 
16 73 37 1 22 46 2 32 42 87 29 1 
63 95 25 36 17 71 47 51 48 63 37 90 

75 33 36 17 2 34 19 44 8 96 32 68 
60 32 68 74 54 31 63 89 62 74 46 63 
74 30 36 23 13 62 4 12 13 15 6 45 
43 5 98 85 57 80 39 88 56 87 97 7 
63 85 61 1 57 73 73 72 95 64 89 31 
74 45 79 24 32 95 63 63 66 80 19 40 
65 93 44 87 16 69 98 77 97 41 24 4 
18 64 69 46 10 67 4 64 39 73 58 18 
31 46 69 56 85 86 80 80 84 55 52 19 
43 42 51 21 31 49 76 1 8 25 70 50 
90 89 93 48 10 15 5 70 60 95 11 47 
18 56 54 68 13 49 90 76 38 79 9 54 

85 20 63 29 89 46 83 37 58 45 1 43 
83 49 58 41 15 35 92 89 71 34 84 45 
94 17 11 86 96 64 94 78 31 21 54 62 
23 26 91 43 81 7 82 39 56 65 31 74 
36 12 44 70 53 73 86 40 20 59 82 8 
14 91 5 82 82 82 36 6 62 70 42 86 
74 2 24 65 22 61 3 97 13 36 16 17 
69 36 49 65 27 37 1 36 80 62 8 35 
1 90 22 99 61 99 61 73 98 24 27 84 
68 42 29 26 81 71 81 84 20 94 31 17 
2 70 78 99 84 89 44 93 96 93 45 22 
68 38 43 91 64 21 21 89 82 25 34 54 

25 49 32 67 2 28 63 75 76 39 55 62 
10 91 24 95 26 97 60 79 30 23 57 15 
24 1 51 15 47 36 17 66 72 53 87 91 
12 30 48 8 29 79 88 23 39 1 33 66 
91 69 45 16 90 98 40 99 81 34 89 24 
42 11 47 28 1 29 82 18 40 99 62 64 
84 93 61 11 50 58 26 13 44 33 97 12 
89 19 5 89 86 47 27 17 44 92 65 89 
32 83 78 42 74 45 52 76 17 35 73 96 
18 11 30 29 78 75 38 77 64 49 32 11 
33 28 78 25 26 36 86 86 38 79 56 93 
4 84 37 64 45 22 52 78 16 17 44 91 

40 38 11 62 47 63 76 73 65 22 77 20 
61 5 92 37 34 41 21 37 6 48 7 31 
35 31 43 91 11 47 40 62 19 25 79 46 
71 43 67 72 72 36 82 2 15 71 45 46 
85 52 95 72 63 73 24 63 1 96 14 7 
69 76 60 87 52 2 31 44 61 80 2 87 
91 34 73 8 52 17 69 1 3 54 30 30 
50 6 24 33 2 15 56 28 56 90 20 96 
24 87 71 9 44 78 50 82 7 41 51 9 
33 32 68 73 44 50 92 77 40 3 13 95 
44 39 80 93 29 89 7 4 66 64 34 24 
41 46 55 5 47 42 38 13 18 20 14 22 

