budget
3422
per_unit_time_cost_of_each_machine
15 11 12 15 15 
job_processing_time_on_each_machine
57 86 48 55 85 
95 34 52 58 30 
51 24 39 6 71 
27 91 71 68 52 
91 26 38 67 70 
98 52 46 27 73 
67 28 47 65 91 
92 42 29 38 16 
76 20 30 99 88 
79 38 1 52 68 
per_unit_time_realse_of_each_job
13
14
5
10
10
5
22
16
1
8
per_unit_setup_time__of_each_machine
59 91 61 73 32 72 71 115 29 80 
43 1 50 76 43 84 64 55 87 110 
18 110 94 9 41 119 59 43 47 102 
34 32 75 104 52 74 119 92 103 45 
80 18 63 15 33 21 36 110 77 8 
85 48 94 113 68 25 18 70 39 63 
109 104 123 98 7 16 123 15 88 95 
22 63 40 33 93 39 72 49 87 110 
74 97 94 97 80 52 67 99 88 47 
12 113 95 64 101 87 103 119 56 47 

77 11 122 113 87 5 27 49 86 99 
7 61 76 112 66 102 52 42 89 84 
1 36 118 60 92 66 34 26 64 45 
65 107 40 115 105 64 68 90 30 24 
116 91 22 15 54 87 97 123 84 57 
75 47 77 19 81 25 92 50 84 56 
69 10 36 70 112 11 24 48 124 124 
10 68 104 106 78 11 84 76 22 3 
94 44 1 94 86 31 80 95 115 84 
16 84 123 66 65 121 114 115 59 56 

1 95 47 38 57 78 36 73 70 9 
106 115 57 83 66 41 66 7 68 83 
118 32 34 35 88 46 54 108 21 79 
117 69 53 12 25 102 4 76 39 26 
53 81 69 58 70 110 40 61 92 33 
49 109 84 106 98 97 90 48 74 30 
113 91 48 19 84 1 35 87 67 116 
21 22 53 20 59 113 7 69 97 66 
9 92 15 48 85 31 79 73 109 45 
4 108 18 67 14 73 96 91 34 102 

85 67 8 9 72 10 88 35 87 4 
82 11 12 100 10 116 70 5 10 59 
15 94 113 5 105 119 92 103 107 55 
62 7 82 83 70 45 96 43 31 78 
23 31 55 121 61 121 97 98 106 50 
115 108 62 121 73 6 57 27 22 62 
85 91 83 65 47 54 25 53 60 11 
6 59 25 59 116 75 36 119 53 58 
9 40 62 104 22 108 7 114 51 43 
75 74 100 85 53 48 27 118 105 63 

37 110 51 108 20 34 120 98 18 82 
107 27 60 77 23 6 49 30 93 58 
73 120 1 90 22 4 71 97 98 121 
112 59 109 124 107 49 56 37 113 122 
34 22 72 74 6 83 110 103 65 10 
29 2 109 124 18 19 103 27 11 16 
117 65 5 75 2 81 70 73 86 33 
85 30 97 40 3 15 59 84 70 79 
2 102 64 77 79 57 103 96 81 112 
43 40 123 60 123 64 76 2 103 5 

