budget
3942
per_unit_time_cost_of_each_machine
6 9 4 15 8 
job_processing_time_on_each_machine
1 22 28 93 49 
61 2 67 17 33 
24 86 82 27 7 
32 89 85 52 63 
27 2 49 49 10 
18 64 54 11 57 
40 67 68 50 4 
16 18 78 9 79 
50 21 98 32 79 
8 34 9 3 59 
per_unit_time_realse_of_each_job
9
91
41
4
86
95
37
3
40
66
per_unit_setup_time__of_each_machine
93 50 19 28 14 80 76 45 81 54 
15 71 11 31 4 2 70 19 37 55 
21 90 57 56 95 94 29 49 27 14 
39 14 73 99 77 82 76 64 65 92 
83 31 66 80 62 42 76 50 59 18 
17 40 7 60 17 8 55 13 21 40 
17 51 10 43 5 22 54 91 45 12 
15 5 65 61 81 26 19 91 80 69 
50 73 49 18 72 10 78 31 49 53 
63 48 61 18 24 39 37 35 58 4 

54 93 88 59 63 8 49 14 39 75 
97 84 42 59 77 28 78 37 19 74 
17 78 30 21 89 90 28 43 19 73 
70 49 87 38 75 69 14 39 34 35 
28 54 35 54 31 65 18 92 28 3 
36 20 89 67 70 88 83 8 85 34 
95 74 46 42 72 36 84 82 48 38 
66 62 40 39 19 72 13 83 63 22 
73 24 50 79 97 5 3 70 69 62 
86 20 9 91 7 84 86 32 45 81 

93 92 54 52 74 8 95 69 73 19 
72 5 14 79 3 4 68 83 20 63 
21 11 41 49 96 82 52 58 48 35 
13 83 76 4 73 52 78 95 40 7 
4 87 78 18 96 6 58 76 26 10 
85 55 57 67 79 98 94 16 51 34 
30 14 59 38 19 78 73 84 45 95 
42 79 84 11 85 24 15 98 1 16 
88 95 32 14 46 6 54 84 35 69 
43 62 49 91 82 33 39 36 76 63 

16 61 18 21 98 23 70 66 6 14 
40 75 75 62 70 92 2 58 45 55 
48 31 40 82 65 55 1 84 53 4 
74 83 77 6 3 98 23 64 83 75 
57 68 5 41 2 44 76 31 83 19 
45 93 58 97 29 16 91 50 53 49 
74 17 32 27 63 2 53 9 31 88 
42 65 4 35 44 33 77 81 2 50 
1 39 75 18 89 74 63 68 84 78 
6 15 12 22 87 56 56 79 54 89 

94 55 41 33 23 48 34 9 11 26 
70 59 7 30 76 77 61 79 73 29 
45 7 38 4 72 74 48 21 83 32 
4 7 83 35 43 62 45 3 68 57 
7 36 75 45 5 62 11 60 88 35 
57 74 28 56 58 74 61 40 96 55 
19 9 27 66 62 8 84 20 43 49 
62 4 66 81 84 87 41 66 65 86 
88 78 89 62 28 10 93 18 75 92 
82 76 86 19 69 4 91 62 74 57 

