budget
4290
per_unit_time_cost_of_each_machine
11 11 15 12 13 
job_processing_time_on_each_machine
50 37 63 25 43 
67 52 90 56 92 
24 37 36 94 93 
79 3 71 65 86 
62 18 50 56 64 
98 69 61 63 99 
56 46 91 58 75 
57 88 80 49 52 
35 17 21 79 4 
22 49 14 66 78 
56 66 10 80 23 
16 68 85 60 60 
per_unit_time_realse_of_each_job
124
84
53
54
127
116
117
68
48
117
24
2
per_unit_setup_time__of_each_machine
105 8 99 51 49 105 42 72 6 58 81 25 
48 103 104 89 58 47 42 33 6 73 124 16 
97 80 74 67 52 81 6 7 55 43 22 45 
21 45 32 89 16 12 76 122 23 3 70 101 
9 6 64 24 44 72 30 77 29 123 120 106 
94 9 100 111 29 80 112 78 31 81 66 95 
49 74 35 101 85 69 81 79 113 24 100 106 
107 55 55 118 24 123 78 35 3 120 27 18 
116 20 17 124 106 77 64 86 88 17 123 9 
11 118 110 24 104 93 92 68 4 46 76 52 
73 112 14 9 63 28 104 87 103 72 121 32 
22 30 46 13 69 42 120 79 3 64 73 71 

13 105 58 70 5 13 68 86 57 54 42 61 
30 15 63 111 10 123 52 57 111 6 36 92 
97 92 41 19 19 21 14 97 33 100 43 87 
100 61 105 73 55 1 51 38 88 55 12 17 
118 84 49 81 114 18 121 60 7 106 52 64 
11 15 13 118 66 19 107 31 89 112 77 36 
63 25 105 69 82 74 2 2 66 81 122 80 
106 91 90 105 115 110 83 78 81 84 61 9 
51 12 86 8 110 71 97 16 33 10 8 1 
68 95 58 89 98 105 85 63 71 67 103 118 
98 27 59 114 115 87 31 7 36 68 52 116 
113 35 97 9 18 109 19 59 96 89 57 43 

35 48 19 10 82 20 80 104 47 117 48 8 
56 76 111 83 114 16 32 55 14 110 45 54 
117 96 107 63 64 102 33 44 83 13 120 84 
50 120 69 83 66 12 46 60 93 114 121 10 
108 46 19 118 95 102 101 88 6 112 77 112 
19 121 86 43 89 98 15 50 11 117 121 58 
55 20 4 44 69 87 73 39 10 4 81 4 
82 10 116 30 58 106 63 122 38 82 46 36 
98 18 2 107 30 14 110 81 115 37 84 111 
44 106 75 39 45 36 62 39 98 90 43 97 
4 49 93 103 36 117 23 41 12 74 27 20 
42 70 2 37 45 79 124 7 10 11 86 46 

72 100 106 80 48 49 118 116 24 28 97 64 
53 54 11 23 58 92 119 112 103 123 22 10 
94 30 45 4 116 86 39 23 123 110 32 17 
79 69 21 120 95 97 113 112 93 73 36 33 
68 17 18 60 53 16 86 39 56 46 7 72 
5 96 58 70 55 104 57 86 91 61 92 33 
16 19 110 9 5 115 71 101 111 5 39 96 
97 37 53 89 113 91 65 16 38 123 23 61 
47 45 73 22 101 5 114 42 7 81 44 47 
96 34 59 91 74 113 120 83 6 78 37 16 
85 30 77 119 69 44 97 33 103 49 88 30 
95 77 33 43 16 97 79 55 23 35 106 68 

50 75 59 38 73 71 124 123 115 89 77 66 
48 116 18 81 27 4 6 98 120 29 15 42 
72 122 119 49 24 55 42 116 45 92 49 12 
93 21 95 22 111 58 58 108 15 13 20 59 
36 42 58 29 89 54 13 88 118 48 87 44 
93 36 44 22 21 73 86 26 106 30 78 114 
117 59 124 59 96 41 96 27 17 103 66 59 
44 74 18 96 19 11 25 57 62 24 76 87 
106 109 62 7 24 27 80 11 97 22 123 75 
45 78 58 34 91 55 56 26 80 22 120 88 
118 16 51 107 5 105 106 102 66 3 44 40 
100 72 115 84 28 118 46 5 110 46 93 16 

