budget
1857
per_unit_time_cost_of_each_machine
15 14 15 13 4 
job_processing_time_on_each_machine
49 66 41 32 58 
6 91 90 30 14 
53 21 59 6 87 
96 85 77 56 8 
76 98 16 61 29 
60 79 83 19 29 
26 84 37 26 66 
33 97 75 55 24 
88 63 61 64 36 
12 50 73 48 48 
per_unit_time_realse_of_each_job
96
45
77
124
116
47
113
87
102
73
per_unit_setup_time__of_each_machine
97 14 13 5 11 41 83 70 72 1 
77 28 14 67 31 34 2 60 71 5 
49 5 70 41 71 60 91 61 25 76 
69 64 44 81 72 29 8 73 83 53 
34 2 65 41 65 28 41 69 13 48 
43 97 42 59 75 94 61 55 47 24 
86 33 91 46 62 5 73 27 2 83 
65 61 19 47 94 27 34 36 80 78 
15 16 12 78 17 19 16 2 25 34 
63 82 27 49 54 60 38 95 44 85 

95 25 34 46 44 49 92 64 51 89 
45 43 37 52 87 98 97 87 51 50 
71 32 99 32 41 16 57 73 42 19 
72 19 34 51 11 30 18 71 53 60 
74 73 44 21 93 93 36 32 42 66 
55 99 98 37 75 87 56 20 13 26 
29 81 7 57 88 13 19 10 25 21 
22 41 4 75 94 35 78 24 86 72 
43 52 8 82 87 78 72 84 38 48 
42 32 41 41 51 58 71 55 95 52 

43 55 12 52 68 79 19 83 76 70 
24 34 25 41 2 1 3 36 27 83 
82 78 77 71 98 1 72 96 25 21 
86 95 26 76 88 65 33 63 55 35 
53 11 93 56 51 25 34 29 96 37 
38 65 23 92 56 3 11 10 96 73 
29 51 44 53 18 31 80 72 95 7 
46 33 58 68 99 98 17 92 17 16 
99 52 64 33 24 64 30 52 73 64 
10 8 95 81 35 6 44 17 75 87 

92 81 46 88 26 14 10 43 51 27 
65 79 33 2 20 10 89 65 55 18 
60 9 53 44 71 48 32 8 16 76 
19 46 92 58 19 90 78 62 45 92 
20 14 11 10 98 50 83 44 54 66 
98 73 35 35 33 45 37 80 18 88 
29 99 17 5 94 5 37 91 18 79 
89 73 20 29 90 69 83 13 88 4 
86 31 42 60 41 78 9 98 11 6 
83 43 61 23 34 43 38 85 81 24 

31 76 85 33 84 52 50 94 60 48 
31 79 90 25 68 94 12 23 7 13 
39 48 32 45 77 30 95 63 94 62 
45 86 92 10 37 39 80 52 47 89 
84 65 65 81 6 5 75 61 59 2 
7 16 11 31 73 35 25 50 86 87 
68 90 28 54 57 83 1 83 12 3 
45 34 96 16 4 45 5 29 68 20 
82 91 47 62 42 70 29 28 38 63 
48 62 99 29 40 69 68 51 2 81 

