budget
2254
per_unit_time_cost_of_each_machine
7 9 7 10 13 
job_processing_time_on_each_machine
22 94 45 93 69 
61 30 28 28 82 
25 24 56 7 55 
26 83 1 9 42 
12 27 53 81 46 
38 68 37 69 44 
88 37 34 27 16 
11 95 25 77 94 
51 91 96 10 25 
55 56 47 44 58 
18 19 46 15 78 
61 96 75 22 71 
per_unit_time_realse_of_each_job
72
80
75
51
64
2
28
26
98
64
58
113
per_unit_setup_time__of_each_machine
73 17 71 13 41 46 72 3 61 49 2 47 
96 34 68 68 93 76 77 17 59 50 66 56 
17 62 40 42 44 14 23 56 79 83 57 93 
7 51 59 98 98 63 61 97 29 63 61 59 
50 75 9 28 25 78 21 41 8 45 95 94 
97 96 2 56 12 36 93 7 32 16 59 86 
76 16 32 37 18 52 86 34 40 28 24 61 
20 40 3 62 48 32 7 93 74 29 78 21 
73 39 53 4 35 56 96 63 74 40 87 29 
49 23 48 38 94 12 62 64 69 38 80 87 
95 16 62 49 14 67 56 21 26 83 46 33 
46 61 82 74 32 94 30 34 15 68 44 68 

7 27 3 87 7 46 4 39 70 16 83 73 
62 43 21 73 91 80 17 40 4 90 10 13 
49 56 98 8 19 56 50 63 27 93 53 70 
76 11 12 80 49 69 25 69 80 58 40 41 
49 60 39 67 53 75 59 17 81 25 68 7 
71 22 28 16 65 58 58 57 28 48 24 25 
72 41 80 40 32 84 70 40 42 80 29 53 
53 21 91 72 50 25 46 81 98 77 26 55 
93 82 97 84 25 52 46 31 35 12 73 85 
96 68 49 24 68 13 30 36 69 3 56 12 
28 99 75 78 28 2 73 68 38 56 86 87 
38 81 68 6 95 87 63 3 57 28 1 2 

86 60 23 48 79 70 84 15 54 15 32 44 
2 48 86 80 90 86 70 97 46 70 63 1 
68 96 44 83 13 50 32 26 15 39 24 19 
66 40 91 10 24 59 26 20 70 43 65 68 
96 6 33 42 42 25 88 18 29 84 45 18 
65 97 35 91 32 93 83 75 26 5 79 66 
92 42 6 43 90 83 94 56 64 66 88 47 
22 23 89 2 14 26 29 94 29 4 87 48 
75 86 81 42 62 28 32 8 73 95 48 50 
35 36 41 11 62 44 91 36 96 13 92 47 
15 11 91 97 29 71 49 86 39 2 40 38 
85 45 19 99 40 71 69 72 78 44 59 50 

14 33 25 26 83 15 8 94 87 55 65 5 
95 79 64 49 81 50 10 81 23 63 93 55 
27 48 18 42 11 20 85 37 7 52 9 33 
9 24 33 32 43 94 15 96 72 73 63 19 
16 59 77 87 3 61 93 38 26 21 76 80 
27 46 41 81 84 44 97 69 10 5 47 91 
54 86 41 45 11 76 59 33 19 80 64 65 
69 89 44 53 88 10 60 15 34 79 34 40 
51 69 78 48 34 92 15 57 53 12 78 24 
72 79 51 68 22 86 27 25 69 71 48 56 
27 55 24 62 48 49 52 17 71 13 76 72 
35 98 84 54 30 75 96 1 26 47 21 55 

22 72 55 70 67 2 99 48 13 21 53 40 
93 55 71 62 68 78 46 46 78 1 91 60 
36 96 97 40 51 16 36 65 67 57 72 5 
31 45 72 77 73 91 67 62 4 68 52 74 
24 95 81 71 38 53 52 93 81 24 21 5 
40 91 48 21 73 76 39 25 40 42 28 41 
99 73 22 39 25 35 36 95 79 14 8 42 
97 78 69 27 33 24 36 52 87 57 93 89 
11 92 46 28 81 3 10 77 41 95 6 77 
8 67 52 21 36 5 84 55 50 75 29 72 
22 86 50 39 2 61 89 85 9 87 23 6 
52 8 46 78 4 9 43 82 15 55 13 85 

