budget
1616
per_unit_time_cost_of_each_machine
6 5 15 12 10 
job_processing_time_on_each_machine
69 57 6 20 88 
28 81 47 85 60 
35 76 7 19 15 
84 17 1 22 36 
41 82 4 1 93 
43 34 5 16 15 
79 99 46 77 57 
87 46 60 81 81 
98 51 72 36 2 
65 67 37 89 9 
per_unit_time_realse_of_each_job
5
1
11
8
10
3
19
14
5
1
per_unit_setup_time__of_each_machine
119 80 55 49 53 67 36 61 80 79 
30 119 84 98 114 76 64 82 44 121 
20 57 124 103 6 47 92 64 109 26 
58 99 113 100 119 77 69 106 47 40 
117 88 27 81 10 45 43 101 116 112 
25 38 72 115 97 11 39 59 59 91 
77 77 50 41 121 19 102 19 99 86 
28 39 107 10 89 67 106 38 88 12 
38 58 32 60 31 118 65 101 55 29 
81 65 73 86 91 1 42 26 35 67 

72 110 20 12 120 98 22 48 25 66 
114 15 117 123 53 11 32 97 64 35 
67 25 124 8 10 46 116 118 85 120 
50 109 115 46 116 32 76 75 104 34 
62 3 98 59 114 72 88 29 44 37 
58 47 86 13 99 38 4 23 88 55 
89 49 103 37 65 87 27 67 20 97 
34 39 58 111 42 80 68 40 49 8 
110 57 67 115 65 119 110 96 90 40 
112 85 111 85 98 118 22 124 20 40 

28 5 108 48 92 10 68 5 84 3 
76 34 47 9 75 49 79 58 57 30 
77 30 41 100 83 5 7 101 9 65 
105 85 51 42 9 117 70 78 71 31 
109 121 101 73 22 101 26 86 113 103 
123 100 96 39 95 72 32 104 122 46 
67 107 37 12 14 104 23 25 72 117 
95 31 96 87 124 2 72 58 45 77 
123 117 38 102 48 30 50 57 111 27 
64 21 95 57 123 26 56 119 37 54 

7 66 23 87 56 116 65 76 88 79 
62 20 124 88 37 87 100 39 51 98 
71 5 15 33 14 107 105 103 42 72 
71 54 111 62 41 111 67 81 5 29 
75 68 34 25 104 124 113 48 61 119 
76 12 33 46 48 68 3 121 90 83 
20 6 2 6 47 100 112 105 18 4 
94 31 85 98 2 5 21 82 52 109 
39 113 39 71 92 34 24 80 79 100 
86 13 73 58 20 82 116 92 96 84 

83 95 62 11 61 96 124 80 81 1 
83 118 121 5 30 39 1 6 61 2 
81 23 61 118 65 46 82 54 13 90 
37 87 122 62 75 89 24 66 58 50 
56 106 102 51 107 8 43 12 71 85 
101 110 90 43 11 115 81 8 88 73 
103 3 124 79 122 43 35 17 13 57 
11 74 63 87 110 107 122 97 60 73 
60 55 94 3 42 70 77 109 113 8 
103 45 22 30 43 16 72 52 96 46 

