budget
5753
per_unit_time_cost_of_each_machine
11 7 3 13 14 
job_processing_time_on_each_machine
24 58 91 22 62 
42 53 52 73 67 
14 29 88 31 59 
95 13 72 53 86 
36 83 81 9 82 
98 71 32 34 60 
83 55 11 11 33 
74 52 95 51 31 
66 39 56 51 99 
81 25 48 5 27 
per_unit_time_realse_of_each_job
52
59
25
51
39
20
56
15
47
31
per_unit_setup_time__of_each_machine
27 3 8 13 34 34 6 33 10 35 
1 28 35 15 3 24 39 6 4 38 
32 11 1 4 30 33 40 35 36 7 
23 40 31 28 31 45 36 31 28 27 
35 32 10 19 13 16 33 1 45 8 
45 37 44 45 31 17 36 41 36 41 
3 42 6 46 1 18 30 9 14 33 
33 37 41 22 42 37 34 9 23 11 
13 19 49 34 20 25 12 31 16 5 
22 15 17 33 37 35 30 17 6 42 

8 43 14 25 41 15 45 27 12 9 
5 42 22 47 5 37 28 37 45 11 
39 1 37 23 20 40 14 30 47 18 
46 23 23 14 19 19 10 33 12 41 
28 18 26 27 26 14 8 2 38 43 
2 47 37 32 30 19 21 42 21 32 
34 45 33 10 14 14 49 39 8 48 
6 48 21 18 36 24 19 14 27 30 
45 22 49 1 27 4 7 31 2 48 
34 47 6 32 21 1 46 43 46 21 

36 11 13 23 47 11 37 23 15 34 
15 2 29 35 25 22 40 23 44 34 
6 41 21 36 29 3 23 29 47 39 
40 32 17 21 17 26 6 31 34 18 
6 1 21 40 24 15 43 19 6 47 
19 25 49 33 25 14 6 33 11 35 
22 6 15 42 12 6 9 18 42 47 
11 7 7 10 40 8 8 25 20 49 
16 23 14 14 18 33 43 46 13 10 
4 38 8 27 33 25 20 6 15 18 

40 45 40 41 8 18 40 24 37 14 
23 4 24 21 21 6 25 43 14 47 
18 35 29 36 20 24 45 12 12 24 
19 8 8 8 23 29 48 49 33 10 
15 46 27 24 47 40 43 32 27 39 
36 43 9 27 36 43 10 36 31 9 
12 42 27 15 28 11 25 5 20 34 
29 5 24 35 30 35 1 19 39 44 
16 37 30 29 2 2 45 7 17 47 
36 16 2 41 42 17 8 1 29 34 

33 16 22 1 14 36 46 26 25 19 
18 42 32 1 28 14 7 27 25 10 
27 48 33 14 43 4 13 1 41 33 
18 24 4 37 40 11 19 26 33 40 
10 18 7 2 42 12 3 28 2 47 
12 31 8 14 21 47 30 13 11 2 
23 44 17 12 42 7 21 35 49 37 
21 25 8 19 31 7 38 49 42 40 
49 22 4 28 29 24 40 43 9 5 
14 28 22 4 15 35 28 44 45 7 

