budget
1384
per_unit_time_cost_of_each_machine
11 14 4 3 14 
job_processing_time_on_each_machine
81 6 52 41 80 
28 91 8 5 29 
5 14 83 19 12 
83 29 47 65 29 
49 2 12 92 9 
54 81 30 72 84 
71 83 61 38 71 
46 47 75 10 62 
53 27 60 57 39 
50 77 43 70 81 
per_unit_time_realse_of_each_job
33
2
39
45
8
4
59
6
64
16
per_unit_setup_time__of_each_machine
27 4 26 24 14 1 27 9 17 14 
36 40 2 6 10 28 23 43 11 5 
43 49 35 41 11 49 26 48 49 26 
36 3 31 4 1 38 25 48 5 48 
34 47 40 6 11 17 14 22 24 14 
5 22 36 7 23 23 30 24 6 9 
15 28 17 4 13 20 30 49 13 38 
22 19 27 42 41 46 33 32 21 25 
40 42 36 42 28 12 2 29 6 31 
46 35 48 12 5 3 34 4 31 20 

38 46 30 43 25 25 19 22 18 5 
23 20 49 43 13 34 23 25 15 11 
21 25 11 44 31 6 2 11 38 39 
32 35 36 17 47 11 35 34 31 40 
14 15 39 37 40 24 14 13 28 24 
14 40 40 39 17 33 47 19 40 31 
32 1 37 1 11 35 39 18 33 5 
32 30 40 21 46 49 7 34 47 47 
14 27 26 10 30 13 15 48 31 12 
34 42 15 20 7 15 13 28 19 8 

32 20 41 23 39 3 38 4 30 39 
41 28 44 33 6 42 18 11 21 21 
25 39 17 9 34 39 35 47 29 39 
39 31 47 49 11 12 32 26 5 35 
37 34 2 30 20 20 4 7 16 31 
46 4 9 46 22 12 20 26 20 2 
26 42 41 41 25 48 11 44 9 16 
13 19 13 33 6 19 10 42 10 32 
20 47 21 43 35 10 24 22 13 44 
4 46 23 29 49 32 22 45 5 30 

33 11 1 44 39 23 37 10 33 14 
24 11 22 6 42 18 7 33 41 31 
24 18 44 2 29 42 3 36 17 2 
11 18 33 4 24 11 7 6 7 35 
13 47 11 13 22 11 2 28 21 36 
23 14 13 45 23 39 43 43 39 45 
20 17 7 4 19 8 19 11 42 26 
45 35 1 15 7 34 31 31 45 15 
20 44 25 2 20 48 22 29 31 24 
9 46 16 27 9 42 26 24 15 35 

16 16 43 33 25 2 26 33 19 5 
14 19 45 27 31 22 21 44 7 24 
21 27 37 47 34 24 42 46 5 35 
12 4 9 32 3 45 15 34 30 32 
12 44 15 12 19 41 35 34 3 14 
24 31 34 16 48 22 13 29 37 32 
21 2 11 21 47 28 38 48 44 36 
5 8 11 49 38 45 14 39 9 3 
33 46 36 4 6 31 4 8 37 19 
6 39 31 14 1 21 17 29 2 49 

