budget
3938
per_unit_time_cost_of_each_machine
12 5 12 4 7 
job_processing_time_on_each_machine
43 35 44 11 31 
45 11 69 50 12 
38 90 9 93 58 
13 17 31 85 52 
32 98 93 31 95 
89 8 96 29 13 
57 72 7 38 59 
58 6 78 22 37 
5 42 28 7 54 
32 58 68 3 39 
per_unit_time_realse_of_each_job
112
142
67
129
41
45
89
7
151
47
per_unit_setup_time__of_each_machine
63 12 85 6 71 75 63 71 98 17 
45 99 6 65 44 14 8 98 13 34 
54 75 2 91 41 99 84 61 46 82 
22 14 96 58 53 80 45 1 67 83 
76 32 37 54 24 41 84 97 87 11 
49 95 83 77 35 37 71 16 3 52 
6 78 76 43 76 77 55 82 42 40 
70 81 67 19 89 1 40 4 29 90 
74 7 31 37 11 60 10 25 74 8 
4 59 33 39 34 76 11 19 23 92 

89 90 53 91 56 91 30 34 45 53 
44 71 7 43 57 43 67 4 49 58 
18 54 31 23 72 3 51 17 70 52 
22 93 21 23 82 92 89 90 21 46 
40 66 77 64 82 3 59 89 92 66 
61 87 24 52 63 84 80 82 68 14 
82 69 50 61 82 78 8 7 73 74 
55 23 32 89 67 44 58 86 4 52 
35 74 41 10 80 23 15 81 19 59 
13 62 33 84 43 68 27 69 65 3 

70 26 65 53 42 41 28 29 51 21 
92 4 54 26 63 67 31 11 30 46 
63 90 96 6 69 31 67 86 19 83 
74 99 5 46 14 17 96 12 64 85 
39 52 60 13 18 95 91 51 76 77 
91 11 94 99 14 33 97 69 26 83 
30 74 38 61 60 63 98 95 35 66 
63 25 54 48 76 45 3 23 68 99 
83 12 16 2 7 87 44 81 81 77 
57 23 41 73 45 98 79 23 54 62 

2 36 95 10 94 99 44 64 95 25 
28 95 72 22 52 45 99 23 51 35 
47 56 29 67 46 80 67 68 63 95 
48 92 55 29 20 46 13 18 4 28 
93 87 83 71 23 36 84 60 85 49 
82 25 77 29 50 72 45 69 60 75 
73 71 81 54 60 24 74 87 24 38 
28 94 2 69 32 5 79 7 33 67 
83 80 71 25 17 41 60 95 47 83 
68 71 33 63 89 15 90 69 83 35 

97 16 24 17 34 2 59 19 41 10 
49 79 25 3 36 62 67 60 33 86 
72 40 14 54 18 8 44 39 32 88 
58 36 70 29 31 46 16 85 33 88 
67 40 24 10 46 72 75 7 90 73 
76 95 49 27 9 70 70 58 49 85 
77 74 90 85 32 77 28 28 79 96 
5 29 77 14 76 68 97 22 77 76 
9 92 35 67 17 5 47 10 88 96 
45 13 31 92 60 22 33 81 24 7 

