budget
1944
per_unit_time_cost_of_each_machine
13 3 4 13 15 
job_processing_time_on_each_machine
72 92 72 51 10 
49 41 23 73 72 
51 57 66 46 57 
22 31 61 58 48 
46 88 82 94 51 
31 96 70 41 86 
23 20 10 42 32 
71 87 13 28 33 
43 56 72 49 99 
80 67 99 35 72 
per_unit_time_realse_of_each_job
1
13
19
22
4
11
5
5
4
13
per_unit_setup_time__of_each_machine
68 4 92 89 11 46 97 62 73 78 
24 61 5 23 57 13 38 45 47 82 
63 92 64 75 82 48 32 52 61 23 
32 67 96 3 64 14 76 71 45 76 
96 37 31 90 79 85 42 10 65 65 
96 56 30 54 90 91 83 1 70 49 
37 84 34 87 44 3 57 8 33 18 
46 68 54 68 87 66 12 91 62 16 
37 52 55 70 69 26 91 57 97 32 
26 37 23 62 35 56 1 6 36 49 

27 22 71 8 20 32 87 93 64 22 
47 12 77 99 15 29 41 10 38 47 
80 46 60 98 46 54 16 10 31 1 
16 72 27 52 86 72 34 75 66 33 
26 91 24 91 87 89 12 97 22 44 
92 40 61 31 85 77 52 95 52 96 
68 57 56 72 22 13 52 49 13 27 
8 7 2 52 18 55 35 83 28 99 
16 99 17 29 41 60 59 74 12 53 
16 71 19 33 62 4 26 44 30 32 

44 4 45 97 24 87 50 15 64 32 
94 20 44 80 68 15 93 89 86 50 
16 28 77 2 62 65 89 80 71 16 
75 29 83 3 55 47 43 17 39 89 
89 64 89 2 52 27 2 8 62 60 
18 27 76 56 5 60 47 83 39 75 
15 38 42 53 65 7 64 54 34 92 
1 10 96 99 36 49 8 15 71 26 
62 96 52 85 29 9 59 35 95 93 
58 20 34 51 81 30 89 85 41 77 

93 5 45 16 41 40 6 22 97 53 
22 99 84 11 33 62 30 90 3 15 
2 91 39 8 30 31 38 91 31 89 
7 39 38 71 82 54 55 69 16 42 
34 83 3 66 88 97 55 59 58 40 
90 7 31 51 26 88 22 87 58 81 
36 57 26 16 7 53 18 83 41 58 
32 91 49 84 54 74 6 33 57 32 
15 31 80 21 21 39 6 72 55 66 
82 53 22 9 13 46 62 38 55 70 

69 62 64 11 97 66 16 81 40 80 
23 99 20 72 21 81 82 99 13 31 
93 46 48 67 79 48 22 27 86 52 
91 91 88 19 73 96 54 77 25 51 
67 89 85 39 20 7 59 17 94 65 
30 91 26 40 88 94 71 64 64 15 
84 56 25 33 15 52 63 11 20 98 
14 62 36 90 26 85 80 9 43 69 
12 49 85 44 59 96 39 16 29 35 
91 26 84 42 50 90 36 68 85 71 

