budget
5317
per_unit_time_cost_of_each_machine
5 6 14 10 8 
job_processing_time_on_each_machine
52 82 91 57 50 
52 99 36 9 51 
72 24 96 18 8 
16 13 68 88 33 
16 77 53 10 21 
3 85 96 21 97 
82 48 54 88 93 
3 6 64 67 15 
49 34 23 46 13 
32 66 79 72 6 
per_unit_time_realse_of_each_job
134
87
42
67
90
10
20
118
3
119
per_unit_setup_time__of_each_machine
104 25 122 78 111 52 106 78 77 117 
39 69 9 4 17 4 14 69 113 13 
72 122 107 114 121 38 33 72 58 61 
34 56 92 61 14 13 27 40 1 90 
3 123 15 1 70 70 123 80 59 85 
75 114 32 55 30 82 54 96 103 28 
63 84 77 88 64 66 96 19 100 74 
23 63 105 51 26 42 22 40 86 38 
81 49 102 120 37 49 8 62 75 81 
105 109 104 99 29 23 114 52 119 41 

48 118 16 72 11 95 92 45 38 62 
5 23 92 95 27 16 41 101 1 58 
86 41 62 103 77 54 122 71 109 23 
55 110 57 76 55 50 55 1 83 77 
82 35 89 97 96 1 21 67 66 54 
109 23 17 11 27 47 43 52 43 118 
64 122 1 6 49 104 80 31 6 2 
80 46 63 85 38 27 57 32 105 70 
82 102 46 80 99 49 115 32 8 82 
29 59 113 22 117 38 75 117 108 101 

32 9 109 13 23 122 59 86 92 39 
110 65 68 67 39 53 91 77 11 86 
113 104 111 51 103 95 2 41 38 97 
79 12 13 80 70 5 44 95 72 36 
119 20 61 26 103 118 114 27 59 100 
111 82 103 22 122 109 122 53 5 99 
104 30 72 87 10 105 19 46 124 80 
10 52 55 49 70 51 93 59 95 5 
118 50 38 71 41 84 66 73 98 124 
101 12 40 29 124 10 73 58 15 33 

53 64 9 42 25 11 68 79 9 6 
43 99 72 94 5 73 94 50 118 108 
11 28 51 13 86 29 38 101 96 117 
114 77 2 73 36 23 83 22 47 47 
115 51 94 89 117 22 103 13 96 83 
66 16 117 32 18 21 122 32 7 101 
85 78 5 38 22 41 104 22 95 98 
65 42 59 41 123 112 41 72 49 90 
74 108 59 20 12 85 43 77 4 72 
115 105 74 71 28 53 27 65 29 15 

40 27 83 88 121 77 115 67 60 41 
31 36 4 53 41 101 28 63 14 124 
92 98 89 65 58 86 58 69 116 121 
10 27 45 80 68 49 61 80 69 115 
11 57 108 76 86 98 67 41 29 46 
34 10 42 94 50 101 84 45 64 62 
1 4 19 121 80 86 78 6 116 3 
98 86 124 79 64 28 96 86 54 35 
23 106 116 15 110 20 5 6 14 10 
17 4 50 12 105 65 104 17 17 34 

