budget
2478
per_unit_time_cost_of_each_machine
14 6 6 14 8 
job_processing_time_on_each_machine
61 23 64 36 34 
32 21 95 37 80 
89 51 48 37 38 
56 94 72 88 58 
31 14 75 85 47 
20 77 64 3 28 
88 67 83 19 85 
29 40 49 49 27 
13 89 8 91 24 
24 48 16 8 58 
63 30 77 71 91 
34 21 78 18 40 
per_unit_time_realse_of_each_job
103
122
21
194
197
103
176
141
56
52
146
48
per_unit_setup_time__of_each_machine
12 22 20 8 21 22 15 7 7 41 22 9 
45 42 12 17 28 12 11 37 18 36 12 37 
48 42 29 9 14 13 35 40 19 35 24 8 
48 39 20 37 1 10 39 5 18 41 28 43 
44 49 3 9 49 34 41 1 23 47 22 42 
37 6 13 45 35 49 31 43 43 1 46 49 
13 8 7 37 7 49 10 33 18 25 13 33 
47 43 6 24 10 2 26 29 38 3 2 6 
18 39 49 9 47 27 6 37 15 11 12 10 
48 15 5 3 45 49 11 44 44 16 40 42 
5 24 41 44 2 36 43 32 33 5 13 30 
29 18 6 49 14 46 2 32 49 35 22 6 

38 46 47 10 9 24 2 42 2 34 34 8 
38 11 28 12 41 31 14 41 14 16 16 8 
27 48 38 35 13 4 35 25 23 2 20 16 
5 31 11 6 13 24 27 34 10 8 9 7 
40 14 13 43 10 18 32 35 4 4 43 7 
47 4 2 28 14 46 27 33 33 28 13 23 
1 6 1 35 46 23 38 31 36 34 3 11 
11 35 24 20 40 41 40 28 29 34 18 24 
46 10 14 13 9 1 14 42 35 29 37 16 
41 23 20 24 4 20 28 48 47 1 12 15 
6 43 38 27 33 37 18 11 24 31 30 49 
41 11 45 31 33 20 42 38 18 15 5 16 

5 25 44 32 1 47 14 44 26 1 22 40 
38 35 23 22 41 3 44 25 14 3 4 2 
6 10 10 22 49 21 44 22 46 35 22 30 
46 24 35 3 26 49 35 22 15 41 39 20 
31 22 8 24 3 47 5 47 25 17 44 33 
13 44 39 13 44 13 36 23 34 15 21 4 
12 30 3 33 23 47 23 18 41 12 10 41 
21 8 29 12 47 23 41 42 13 42 16 8 
12 28 11 32 33 3 49 44 1 24 41 45 
49 13 33 18 14 40 26 29 38 29 21 48 
1 29 2 42 8 13 24 38 46 38 8 49 
10 2 40 17 18 42 37 10 48 1 13 33 

48 15 47 43 37 45 9 43 20 35 44 10 
9 47 27 4 15 36 23 1 49 30 34 18 
24 26 20 37 24 29 42 45 20 27 46 39 
17 45 34 17 26 29 34 11 28 30 36 2 
44 12 44 30 40 47 22 19 47 6 11 43 
10 8 4 45 34 29 41 41 39 35 40 29 
48 45 27 25 31 19 13 18 46 39 3 40 
46 7 21 20 31 44 13 4 5 13 25 3 
7 32 39 5 22 25 4 3 24 2 36 48 
13 32 32 18 5 45 35 17 48 25 23 30 
10 31 24 23 34 25 26 47 23 10 7 5 
9 42 41 1 1 17 17 48 30 16 4 38 

34 26 49 26 18 27 4 27 16 37 22 42 
4 29 10 41 7 21 2 1 10 43 18 37 
24 46 43 36 46 30 1 21 48 27 5 4 
39 15 42 23 42 23 1 10 18 28 30 18 
49 35 15 8 35 38 47 39 6 26 44 42 
25 30 46 32 8 28 45 21 37 32 29 22 
40 44 38 14 38 38 40 13 2 18 39 12 
15 18 22 22 34 7 21 33 9 24 48 40 
30 21 19 30 5 14 38 4 19 7 42 43 
13 47 8 14 14 36 17 19 2 14 40 16 
42 48 13 29 16 12 44 26 42 43 5 14 
11 38 11 10 9 24 25 18 32 44 46 34 

