budget
4825
per_unit_time_cost_of_each_machine
7 8 7 14 5 
job_processing_time_on_each_machine
72 64 58 38 51 
11 35 2 49 85 
44 23 6 7 13 
31 22 5 73 5 
81 28 38 85 86 
63 24 36 55 70 
38 21 76 78 83 
32 33 29 96 12 
98 39 67 23 33 
50 65 13 56 35 
per_unit_time_realse_of_each_job
16
159
159
94
3
63
117
39
17
152
per_unit_setup_time__of_each_machine
10 91 77 90 9 43 45 57 14 74 
17 37 17 44 71 83 63 27 99 15 
44 79 99 9 79 28 87 81 77 23 
21 58 9 64 33 14 75 19 37 1 
12 66 4 36 2 80 88 82 43 68 
95 71 51 16 58 11 23 8 32 43 
60 7 66 66 83 59 56 8 2 98 
52 55 14 15 8 28 73 61 50 3 
93 90 78 76 66 53 36 76 7 78 
75 90 37 55 82 54 39 37 49 47 

39 12 83 28 82 11 27 89 73 37 
83 40 7 91 23 88 99 39 72 65 
26 25 40 32 57 86 93 23 55 41 
57 65 57 21 16 32 50 31 11 60 
65 92 11 97 44 60 50 20 81 51 
3 46 50 16 95 35 99 52 22 80 
78 96 75 59 47 22 34 89 23 36 
48 33 35 46 52 89 41 63 24 45 
67 5 59 96 20 4 57 24 57 36 
88 43 32 17 41 80 26 47 17 35 

75 70 82 66 91 48 27 38 6 54 
61 96 30 49 71 4 49 25 89 86 
48 60 8 40 9 95 45 42 30 61 
44 11 57 66 96 74 61 87 49 73 
16 73 21 67 68 66 63 65 20 2 
2 66 17 76 92 8 72 16 20 16 
14 66 89 66 88 33 27 32 97 85 
30 40 24 41 12 10 2 73 61 87 
89 41 51 66 21 74 52 91 61 40 
47 35 62 95 26 64 61 72 52 73 

74 96 77 87 52 64 88 34 71 23 
82 85 87 32 42 53 48 77 92 48 
81 17 54 89 75 19 18 75 40 66 
2 91 83 10 95 74 92 36 51 12 
38 1 45 84 13 50 24 47 2 40 
20 41 17 81 17 29 76 37 35 78 
61 80 47 39 45 52 86 72 17 30 
51 72 90 28 61 19 38 55 93 33 
11 57 32 44 18 51 57 65 12 91 
36 61 31 66 10 28 95 81 48 59 

58 7 79 7 33 58 42 33 5 88 
97 50 25 53 26 43 10 28 42 64 
49 52 80 24 32 62 59 31 96 89 
79 25 30 11 80 61 93 80 96 78 
31 80 26 2 15 87 96 29 87 97 
88 57 77 25 25 74 13 84 8 76 
30 6 69 63 13 70 44 46 25 21 
25 19 5 42 18 46 75 56 35 4 
21 31 57 33 9 52 21 29 98 40 
19 57 2 91 9 84 60 98 4 29 

