budget
1880
per_unit_time_cost_of_each_machine
12 9 8 14 6 
job_processing_time_on_each_machine
84 70 41 57 39 
19 6 28 64 20 
82 90 99 63 58 
74 12 11 4 51 
8 59 29 38 25 
48 93 71 83 8 
8 69 6 66 37 
27 91 21 43 76 
70 84 55 34 75 
16 47 5 9 48 
per_unit_time_realse_of_each_job
50
62
36
18
51
15
54
53
41
28
per_unit_setup_time__of_each_machine
1 3 8 8 4 7 4 9 5 1 
1 2 6 9 9 7 1 4 4 8 
1 9 9 2 9 1 9 1 3 4 
3 2 9 2 4 3 3 2 7 2 
2 7 7 1 2 9 6 5 1 4 
2 4 2 4 8 5 2 4 3 1 
7 1 2 9 7 6 4 4 2 9 
5 9 6 3 4 9 2 6 1 1 
9 2 1 9 2 9 3 6 1 7 
2 2 7 6 5 3 5 2 6 4 

5 1 9 8 9 6 6 5 7 7 
8 5 7 3 9 3 9 4 6 9 
9 5 5 7 8 7 5 1 1 8 
6 2 3 7 3 3 7 7 8 2 
1 4 5 1 9 3 1 4 7 9 
2 4 5 4 1 3 8 6 2 8 
7 7 5 3 9 5 7 9 8 6 
7 1 3 1 9 1 4 3 5 1 
7 3 4 3 1 8 2 4 4 5 
4 8 4 6 4 6 6 6 4 8 

9 5 5 8 7 6 5 2 1 6 
2 8 7 4 4 2 5 5 2 7 
1 5 9 9 3 8 1 2 1 4 
3 9 3 5 7 8 5 6 7 8 
9 1 8 8 5 7 4 5 2 4 
9 4 7 7 8 8 5 8 2 5 
1 8 5 5 4 8 7 8 7 5 
2 2 7 9 1 8 9 1 6 3 
2 1 6 2 1 1 6 4 2 6 
9 5 6 3 9 9 5 2 7 7 

8 6 3 2 6 2 9 3 9 6 
2 3 8 4 5 7 1 3 3 7 
6 5 7 1 5 1 5 6 3 7 
6 8 3 4 1 9 2 3 7 3 
5 1 8 7 9 6 9 1 3 3 
3 2 2 3 3 6 9 8 3 2 
9 7 5 1 1 8 4 8 7 2 
2 5 7 5 3 6 4 4 3 8 
8 6 3 1 8 9 5 2 7 7 
8 5 5 4 5 9 8 3 2 3 

2 7 8 5 3 4 8 5 1 9 
3 8 4 8 7 9 1 4 8 5 
9 7 8 7 1 7 2 8 9 5 
5 9 8 9 9 3 6 7 4 1 
5 7 8 9 2 3 5 6 2 3 
5 1 6 2 3 7 5 6 5 6 
8 6 8 8 4 7 1 6 5 4 
4 9 8 6 3 8 8 7 6 9 
6 4 6 8 9 9 6 9 3 1 
5 1 9 4 1 5 5 1 8 7 

