budget
2196
per_unit_time_cost_of_each_machine
6 12 14 8 6 
job_processing_time_on_each_machine
38 49 64 33 53 
69 83 13 47 30 
41 18 27 30 40 
77 21 91 34 19 
48 97 9 36 11 
53 74 68 35 88 
54 67 61 34 34 
73 10 76 96 71 
88 35 75 46 24 
50 61 19 37 54 
per_unit_time_realse_of_each_job
64
50
91
121
52
13
73
12
14
88
per_unit_setup_time__of_each_machine
18 113 43 14 12 107 23 122 31 34 
99 33 45 74 27 4 100 66 79 6 
54 111 16 37 61 11 91 10 11 57 
2 69 117 100 52 28 110 46 117 4 
103 107 98 123 96 26 22 96 65 59 
109 24 70 38 75 47 28 107 65 74 
21 23 96 14 50 89 18 120 15 8 
12 94 2 33 48 95 44 120 96 3 
100 35 23 57 37 89 121 56 90 28 
65 43 92 106 104 112 49 14 63 48 

58 30 101 33 6 15 64 39 20 31 
13 31 5 70 62 109 79 84 75 21 
49 46 119 53 40 3 24 69 73 5 
17 59 33 60 87 91 85 22 26 45 
113 59 34 30 51 43 73 21 124 62 
79 31 15 108 115 49 41 57 99 4 
116 86 27 20 62 73 78 114 60 41 
15 36 124 70 74 15 111 95 13 59 
87 64 112 28 77 114 78 121 106 89 
10 72 84 114 10 105 74 17 83 48 

67 13 89 116 86 53 13 38 1 73 
64 20 62 6 58 26 79 77 11 14 
113 75 116 103 42 85 77 105 77 90 
109 35 30 49 47 41 30 63 72 70 
37 122 52 5 99 55 77 108 84 117 
26 85 80 82 1 52 93 10 44 56 
70 85 36 101 32 94 2 119 31 30 
93 89 75 61 1 104 51 67 50 57 
42 61 92 96 112 27 50 11 35 105 
112 14 11 109 21 4 70 76 24 30 

92 70 15 50 7 35 37 63 42 119 
37 7 119 2 96 49 85 105 25 80 
39 44 27 31 62 112 31 3 80 94 
68 38 86 24 107 105 40 84 26 24 
27 99 4 5 24 16 62 2 78 17 
29 27 36 104 79 59 36 78 30 58 
70 109 11 119 57 104 51 102 107 43 
28 89 108 22 69 107 121 10 91 101 
73 114 95 92 23 24 40 107 105 84 
103 13 48 100 19 89 41 57 114 118 

52 76 85 45 3 29 7 101 97 32 
14 17 96 69 9 92 96 22 97 109 
60 85 116 124 122 60 118 5 30 67 
32 79 67 25 67 44 101 43 115 91 
110 55 19 66 44 17 50 5 106 22 
50 122 115 7 120 67 95 124 68 101 
99 72 6 78 3 115 41 106 38 113 
100 69 102 3 86 32 49 67 58 68 
3 61 111 103 8 51 64 22 116 41 
103 110 5 69 107 64 2 97 28 91 

