budget
5164
per_unit_time_cost_of_each_machine
14 7 12 10 3 
job_processing_time_on_each_machine
67 2 90 33 68 
46 84 43 57 71 
24 18 22 96 44 
41 2 84 48 57 
61 11 63 87 70 
8 29 55 81 10 
96 81 60 66 44 
16 55 6 3 53 
62 39 96 1 74 
93 77 61 68 42 
per_unit_time_realse_of_each_job
3
1
1
2
9
8
10
19
20
4
per_unit_setup_time__of_each_machine
13 19 7 19 11 26 37 22 8 40 
22 43 36 42 14 46 48 18 37 48 
20 33 1 47 30 7 3 44 12 16 
43 43 39 29 29 32 5 14 13 43 
27 28 44 41 20 24 32 24 13 43 
24 24 18 4 11 34 22 17 45 13 
47 16 25 21 24 28 35 38 24 26 
13 33 34 21 27 3 48 32 16 7 
49 13 33 2 3 25 43 47 1 23 
38 19 11 45 25 49 21 15 20 25 

29 38 48 34 39 28 39 17 34 16 
15 6 27 49 15 32 7 8 33 27 
32 3 40 18 28 30 5 3 29 14 
1 6 15 42 32 7 2 27 30 20 
33 37 31 49 6 12 2 32 46 37 
22 26 32 38 10 11 23 35 23 8 
6 17 15 19 18 30 18 7 31 20 
17 26 48 41 21 34 43 42 39 4 
9 27 39 31 44 12 1 27 25 6 
20 49 36 41 3 10 13 23 40 44 

30 30 17 19 24 9 11 1 40 42 
32 1 36 30 48 46 24 23 29 28 
11 48 6 4 22 48 10 31 37 31 
25 24 36 49 32 25 39 14 15 7 
8 34 11 9 6 3 14 7 31 46 
11 7 36 41 28 19 35 34 47 28 
16 21 2 4 13 44 2 39 20 44 
16 28 22 38 37 46 49 16 30 14 
11 14 43 12 5 44 40 19 4 29 
47 15 43 19 30 2 15 16 36 3 

45 15 27 36 35 6 14 34 47 8 
46 17 23 18 2 9 26 41 26 37 
6 9 37 48 31 21 48 11 32 19 
8 18 43 44 26 20 25 39 48 28 
9 29 29 29 42 33 16 44 18 48 
23 25 33 47 10 15 2 36 39 25 
23 24 9 13 44 6 34 35 21 7 
13 49 16 11 49 34 6 19 33 11 
5 29 33 14 14 1 40 47 6 27 
10 48 30 6 47 7 6 21 1 32 

17 4 14 25 32 10 4 45 28 32 
42 29 30 6 42 3 29 47 40 32 
19 10 38 48 12 1 38 35 11 43 
18 44 6 17 41 40 38 36 48 23 
47 12 22 13 35 33 24 37 38 26 
8 1 33 49 17 29 27 3 45 4 
41 26 7 17 21 22 37 46 2 40 
15 15 7 31 22 11 4 30 46 1 
36 6 48 1 11 44 32 32 24 15 
7 12 22 2 6 34 35 48 26 14 

