budget
4732
per_unit_time_cost_of_each_machine
10 8 10 3 4 
job_processing_time_on_each_machine
68 66 95 83 27 
33 94 48 68 26 
87 89 6 4 57 
20 32 38 12 9 
35 36 49 50 17 
89 50 75 93 58 
66 92 29 53 14 
69 4 13 64 67 
66 58 34 47 45 
11 62 32 4 46 
86 62 99 90 94 
40 11 18 65 65 
per_unit_time_realse_of_each_job
44
103
105
92
5
27
108
100
45
111
29
58
per_unit_setup_time__of_each_machine
7 4 36 77 96 18 69 9 9 97 9 18 
32 11 59 21 90 31 4 75 22 87 53 24 
3 18 115 54 107 81 63 67 68 123 71 8 
84 3 64 59 107 53 82 22 55 119 49 25 
24 40 34 93 29 42 49 30 23 81 92 74 
63 88 35 95 17 76 89 95 87 65 20 78 
103 8 49 104 10 50 115 55 73 63 75 111 
88 51 78 20 76 99 70 116 25 47 43 6 
81 58 48 106 36 63 33 122 20 58 98 20 
98 34 11 68 30 10 57 9 104 102 65 111 
16 56 103 32 70 114 58 76 25 9 35 92 
89 18 39 82 67 48 112 61 50 63 110 104 

31 103 70 74 88 40 16 95 96 60 2 54 
70 117 108 76 76 118 53 83 18 32 90 120 
52 5 81 89 40 47 65 7 27 94 64 11 
41 32 61 96 50 60 83 45 72 85 25 47 
95 72 24 77 81 60 78 10 30 110 61 62 
12 36 79 13 62 101 86 84 38 70 71 10 
42 63 22 58 105 117 74 17 34 115 31 79 
19 71 11 109 121 74 86 5 23 30 67 97 
30 122 68 101 80 7 33 92 52 106 28 93 
124 18 41 66 32 115 42 69 90 75 14 48 
74 69 77 106 81 7 67 72 4 52 14 26 
31 78 25 63 31 96 71 118 70 39 115 78 

73 1 33 122 42 70 81 101 9 51 26 57 
117 57 42 111 7 36 60 110 46 35 54 67 
83 33 8 81 83 8 40 80 114 100 84 12 
39 92 13 94 49 65 117 54 52 59 44 63 
21 57 42 51 114 46 56 80 101 37 75 21 
106 77 21 89 111 85 95 73 76 35 11 93 
39 26 19 80 65 2 89 83 66 7 52 75 
114 44 87 6 37 41 53 20 3 39 36 113 
115 31 102 54 105 57 77 120 71 34 118 124 
17 41 89 30 7 18 2 75 7 68 39 112 
62 32 8 4 124 9 59 84 83 70 53 115 
63 110 57 64 83 66 40 22 60 64 16 35 

52 99 5 102 108 75 80 63 101 30 18 62 
114 51 24 82 6 22 33 107 118 92 33 112 
50 57 95 22 85 35 78 63 4 69 83 30 
38 4 118 11 109 52 105 101 108 90 17 111 
29 108 100 108 53 45 23 10 2 39 81 124 
28 115 79 98 104 52 53 105 20 23 121 36 
43 109 23 3 36 60 81 42 116 111 76 8 
73 21 98 76 100 101 17 119 2 15 59 52 
95 49 52 52 19 36 17 50 78 117 123 86 
62 4 8 108 102 27 7 80 21 18 10 35 
7 18 26 53 71 107 55 104 34 115 98 99 
107 52 99 80 19 85 80 87 27 67 77 65 

75 101 11 72 74 54 66 123 40 58 54 32 
34 64 33 24 8 122 97 74 31 58 33 112 
74 107 48 86 66 39 98 93 1 44 90 47 
47 92 8 104 18 54 116 17 84 37 15 30 
74 27 55 57 20 58 37 56 110 94 62 47 
53 59 58 51 121 92 38 43 25 49 95 101 
14 21 20 35 85 94 15 87 76 97 50 11 
9 37 105 93 119 11 10 30 29 64 61 5 
62 78 30 70 44 100 23 104 35 95 110 88 
44 72 43 51 9 68 105 89 107 82 71 23 
67 40 40 98 120 5 20 41 70 13 61 81 
63 93 72 91 122 36 86 118 13 94 69 113 

