budget
3802
per_unit_time_cost_of_each_machine
8 11 4 8 8 
job_processing_time_on_each_machine
31 46 18 82 97 
87 66 80 58 4 
76 53 29 50 85 
84 4 61 10 56 
26 9 70 31 56 
96 62 48 47 4 
58 7 18 77 79 
25 25 85 52 60 
18 44 85 75 97 
30 62 38 49 67 
per_unit_time_realse_of_each_job
64
96
125
157
92
59
13
15
155
158
per_unit_setup_time__of_each_machine
1 6 6 2 6 9 9 4 3 3 
4 4 3 8 3 2 7 3 8 9 
6 9 1 7 9 7 2 1 1 4 
4 2 7 6 1 7 5 4 8 2 
1 3 4 1 5 9 8 2 3 3 
7 7 6 4 2 7 2 7 1 6 
9 3 3 8 7 1 6 2 7 4 
1 1 8 5 3 6 9 9 3 3 
1 9 3 8 7 7 8 4 7 8 
3 9 3 5 4 3 3 3 6 6 

7 7 3 5 4 5 8 2 4 4 
8 3 2 5 4 1 7 9 4 2 
7 8 4 1 1 3 3 7 3 9 
4 1 3 7 9 7 8 4 7 8 
7 9 6 7 6 5 2 7 6 5 
3 8 6 4 8 6 5 9 1 8 
4 2 3 7 3 2 1 3 7 6 
7 1 7 8 1 5 1 9 1 8 
5 2 3 2 7 1 7 9 4 3 
3 1 1 3 7 2 5 1 5 8 

1 7 9 6 9 6 9 6 9 3 
1 5 4 6 5 5 5 4 2 5 
9 8 5 5 2 3 7 6 5 9 
2 5 8 2 5 9 5 3 2 2 
2 5 9 5 4 3 2 5 3 8 
6 3 1 2 5 7 7 3 5 1 
6 8 6 8 8 6 5 2 1 3 
3 4 8 5 1 4 6 4 3 1 
7 7 7 3 3 4 5 2 9 3 
4 2 3 9 8 5 3 8 2 2 

7 3 8 9 9 2 1 6 3 4 
2 2 3 3 8 5 3 9 4 1 
8 8 3 3 7 9 1 5 1 5 
4 1 2 5 4 3 8 4 9 7 
4 2 6 1 4 7 1 2 6 8 
3 9 6 9 1 3 7 2 3 4 
2 4 9 3 6 7 5 3 6 8 
7 4 4 3 7 9 7 8 1 7 
3 3 9 2 5 3 2 6 4 1 
7 7 6 7 4 4 8 8 4 6 

4 9 9 7 5 3 5 3 7 8 
8 9 8 1 1 7 7 1 1 7 
6 5 1 6 8 2 8 1 1 2 
9 7 6 5 2 6 7 5 6 8 
3 5 4 5 2 3 6 5 6 2 
7 3 6 9 4 6 8 7 5 1 
2 9 9 6 4 6 6 3 8 3 
9 1 9 6 2 1 9 5 4 4 
4 8 3 3 2 2 8 2 6 1 
2 2 4 9 9 8 1 7 4 4 

