budget
6245
per_unit_time_cost_of_each_machine
8 3 3 12 14 
job_processing_time_on_each_machine
91 20 39 96 39 
18 63 35 96 36 
40 42 86 76 74 
4 93 97 19 43 
79 90 24 89 36 
59 73 32 51 69 
54 28 24 28 77 
95 14 75 3 61 
63 63 85 68 68 
81 95 54 33 15 
22 67 7 88 28 
51 15 96 53 65 
per_unit_time_realse_of_each_job
197
4
125
4
52
54
39
134
2
91
166
98
per_unit_setup_time__of_each_machine
5 4 1 9 7 9 4 1 2 3 3 3 
9 5 2 1 9 1 5 1 4 4 7 4 
3 1 1 2 5 7 5 1 9 6 6 7 
7 1 5 4 3 4 7 5 5 2 4 9 
6 8 3 3 2 6 4 4 8 4 8 5 
8 8 5 5 8 2 8 2 1 9 4 3 
4 1 9 8 2 3 1 6 1 2 3 4 
1 1 9 2 5 9 3 9 4 3 8 2 
6 8 5 2 2 2 2 5 9 3 7 7 
7 4 1 8 5 6 9 6 8 6 5 5 
1 4 1 2 2 5 8 4 5 5 4 3 
1 6 4 1 1 9 4 2 1 7 9 1 

7 5 8 6 6 6 4 5 4 9 8 2 
2 5 3 1 2 9 9 2 3 3 8 9 
9 6 8 3 8 2 8 2 7 5 4 5 
3 7 1 1 1 3 3 7 2 4 7 8 
5 6 2 4 4 1 2 3 6 5 9 7 
6 7 6 8 6 3 7 1 6 7 3 5 
5 8 7 2 7 7 4 3 6 5 5 2 
1 4 3 3 1 9 7 1 8 8 8 6 
5 8 7 7 2 7 6 6 9 8 9 3 
1 9 2 2 7 7 6 7 6 6 5 8 
1 7 6 3 9 8 6 5 4 8 5 1 
9 5 4 9 2 5 6 2 3 3 3 3 

5 8 2 4 2 5 1 3 4 6 8 2 
2 1 7 2 1 6 4 4 9 3 2 2 
9 5 9 8 3 9 2 6 9 7 1 5 
3 4 4 7 8 2 8 5 8 3 7 4 
3 3 9 8 1 4 7 1 5 6 7 7 
9 6 6 7 7 4 4 4 8 5 9 5 
8 4 7 3 6 3 7 2 9 9 7 5 
3 8 2 4 1 2 6 6 9 8 7 8 
4 2 2 6 9 6 6 8 1 6 9 2 
2 4 4 3 4 3 4 5 1 6 3 8 
3 4 7 9 4 3 1 4 6 7 9 4 
5 5 3 8 7 6 7 5 8 1 4 7 

1 7 1 2 2 2 6 3 3 1 9 7 
5 7 2 7 7 9 2 4 4 5 1 9 
1 8 2 9 7 3 7 3 6 6 7 5 
3 7 3 4 6 4 6 3 1 2 5 5 
2 1 4 9 3 3 9 6 5 8 5 8 
3 8 1 1 2 2 6 2 6 6 9 4 
1 3 2 8 2 6 2 1 2 5 6 8 
9 3 6 1 1 6 6 7 6 4 8 2 
1 2 2 1 6 8 4 7 2 6 2 8 
6 4 8 2 8 1 8 3 9 8 3 8 
7 4 7 1 7 4 2 5 3 3 9 7 
6 8 4 6 3 2 3 5 2 7 1 9 

4 7 9 2 6 3 9 3 3 6 7 7 
5 8 9 2 1 8 6 4 7 4 7 8 
8 9 4 3 3 7 7 5 7 8 6 9 
3 2 1 8 9 9 7 1 1 7 3 4 
1 2 9 7 1 6 1 6 2 4 6 4 
8 4 7 9 5 1 8 5 5 4 3 2 
1 6 7 2 7 1 3 1 2 2 3 7 
6 6 3 7 6 3 1 6 2 1 3 4 
9 3 5 2 1 4 9 6 5 8 8 3 
6 1 7 5 3 7 5 3 2 2 2 5 
9 5 3 9 5 4 3 2 4 6 4 1 
5 2 9 9 7 3 8 3 7 2 8 9 

