budget
7364
per_unit_time_cost_of_each_machine
7 14 14 11 9 
job_processing_time_on_each_machine
40 84 51 21 48 
78 29 89 16 40 
38 41 43 36 12 
25 97 2 96 7 
12 76 24 85 56 
10 82 24 10 18 
51 80 59 87 42 
18 69 38 36 38 
48 28 39 47 58 
89 51 89 91 28 
75 53 41 35 56 
88 33 51 86 46 
per_unit_time_realse_of_each_job
59
46
34
41
66
41
25
44
59
26
6
8
per_unit_setup_time__of_each_machine
32 92 25 68 30 65 57 57 77 78 90 75 
88 96 11 46 90 12 28 60 17 45 29 34 
23 76 99 2 91 49 73 86 5 98 68 53 
89 42 72 70 2 81 23 5 37 88 74 70 
65 64 67 56 50 83 1 43 62 25 27 49 
58 59 77 14 96 25 20 34 17 53 64 7 
10 81 26 56 15 2 55 11 88 89 40 7 
59 73 89 88 33 67 18 86 47 42 24 19 
38 52 97 26 38 95 19 75 45 25 24 31 
98 81 84 48 88 75 51 70 43 89 44 97 
24 9 30 2 59 77 56 49 58 79 92 30 
27 26 47 23 46 73 15 12 8 36 17 99 

89 24 77 91 48 67 35 35 23 62 97 72 
41 2 37 90 78 7 67 31 4 56 81 28 
45 94 67 69 15 34 24 17 16 42 68 96 
68 99 57 94 14 52 26 58 84 10 52 60 
21 50 60 98 34 61 74 7 78 66 22 54 
36 98 4 83 84 47 45 95 45 43 23 10 
77 10 90 7 29 59 8 11 2 32 76 85 
34 74 2 6 72 77 90 4 32 19 75 21 
12 68 1 86 64 7 67 46 89 79 42 45 
61 65 35 30 36 81 94 31 62 88 61 11 
54 24 58 41 15 36 77 82 12 41 1 50 
61 64 52 4 27 11 97 88 16 2 84 38 

35 43 66 57 29 54 71 37 45 12 82 70 
42 56 73 56 92 11 80 48 16 48 55 17 
60 64 51 35 70 3 30 90 6 67 14 70 
87 85 74 36 69 57 89 84 15 43 47 66 
62 34 51 30 58 49 79 55 57 13 67 65 
55 62 65 77 54 13 33 63 39 50 33 94 
38 83 79 56 85 20 5 68 22 75 90 31 
62 16 48 21 83 34 81 49 43 33 8 24 
82 49 87 10 31 78 30 33 68 28 26 46 
51 68 74 55 73 9 53 68 49 60 8 52 
1 18 2 37 56 26 96 88 88 56 19 68 
60 62 74 8 69 32 71 95 58 31 5 52 

14 18 61 44 87 50 26 22 68 61 8 63 
59 14 91 63 68 22 35 87 68 47 93 5 
48 49 32 35 94 8 67 20 38 95 13 44 
92 15 90 35 42 75 51 49 69 26 76 78 
15 45 20 92 43 44 39 50 11 43 96 74 
1 60 55 51 34 45 74 39 29 41 16 34 
73 72 56 99 48 54 55 92 16 30 26 98 
23 19 82 2 55 83 21 13 60 7 85 78 
92 77 87 84 3 78 33 91 14 83 17 2 
4 47 54 4 58 94 79 2 88 98 18 51 
82 54 40 30 6 29 94 63 97 13 62 22 
72 30 97 20 8 41 1 30 91 14 20 42 

26 66 78 83 69 71 62 25 85 44 55 90 
17 64 41 3 29 82 84 73 40 64 85 61 
98 93 48 42 13 24 23 73 97 76 92 12 
41 81 53 85 56 52 43 45 18 11 7 31 
66 27 8 46 56 6 98 94 28 93 68 79 
19 3 56 95 52 72 63 35 30 32 49 26 
83 90 49 28 82 25 93 14 86 95 60 35 
17 41 55 33 31 6 46 69 3 39 34 45 
61 7 4 89 5 90 34 78 52 76 93 58 
29 25 26 52 58 44 41 17 65 11 98 22 
43 4 35 21 10 78 89 86 95 44 98 95 
81 80 9 7 46 37 64 37 25 87 51 79 

