budget
1202
per_unit_time_cost_of_each_machine
12 15 5 11 3 
job_processing_time_on_each_machine
57 51 15 38 47 
80 37 31 32 19 
16 16 73 76 71 
49 37 15 84 17 
11 87 39 15 9 
79 9 74 36 38 
13 78 73 92 18 
46 56 3 2 27 
32 70 53 87 47 
73 36 17 64 10 
per_unit_time_realse_of_each_job
134
87
74
4
36
46
48
109
99
60
per_unit_setup_time__of_each_machine
48 82 107 70 25 87 40 44 23 83 
123 11 98 21 74 29 39 117 68 7 
75 20 77 93 116 22 112 20 124 25 
24 14 76 112 46 85 103 44 62 112 
51 113 102 103 95 56 23 69 98 11 
35 63 2 69 99 118 64 24 78 5 
56 121 109 52 16 55 20 1 14 71 
53 25 81 46 88 120 87 31 19 29 
108 2 118 115 102 117 118 81 46 98 
13 9 14 77 53 26 15 4 43 100 

1 68 65 99 100 110 119 104 49 50 
5 15 62 54 22 91 6 10 41 108 
37 83 43 74 94 109 80 55 98 110 
41 51 72 76 83 81 37 34 61 37 
102 105 47 64 16 40 49 19 103 74 
82 32 10 123 19 1 98 46 95 90 
12 25 12 86 100 22 113 80 8 69 
33 124 10 45 76 75 89 43 49 87 
57 56 44 20 36 19 49 90 92 39 
56 104 94 50 86 100 37 2 124 41 

4 91 71 81 16 105 48 66 122 83 
93 83 43 121 95 42 28 2 97 121 
96 33 41 61 60 108 1 55 2 61 
81 17 110 36 3 59 41 66 7 67 
18 53 76 110 97 72 23 116 90 24 
71 93 55 46 88 97 33 91 28 41 
72 10 95 27 73 25 5 64 116 63 
49 76 26 28 28 93 88 97 76 67 
45 61 107 44 84 84 15 124 42 44 
75 31 123 13 21 74 74 81 109 70 

38 120 50 71 17 112 16 20 116 120 
30 19 57 122 69 76 36 98 1 9 
54 98 121 1 78 123 113 25 76 37 
75 90 118 57 95 24 56 97 116 11 
80 106 26 20 47 22 49 50 123 85 
65 105 102 13 32 118 61 95 90 53 
16 35 107 20 1 15 42 85 51 112 
44 33 85 34 10 50 27 74 115 78 
12 52 97 76 1 9 83 60 29 69 
36 66 45 89 46 96 94 57 24 109 

1 96 16 60 62 112 111 12 104 24 
64 91 40 115 100 66 64 119 30 33 
110 41 26 88 8 27 110 37 74 39 
46 35 35 50 104 70 56 97 78 79 
75 118 106 58 2 91 74 119 14 122 
46 34 75 116 10 71 29 104 4 92 
101 18 70 104 64 93 48 76 63 96 
85 75 111 68 26 108 19 118 11 19 
104 15 57 95 117 37 19 46 107 76 
29 81 10 93 54 16 29 1 124 98 

