budget
3755
per_unit_time_cost_of_each_machine
11 10 11 14 14 
job_processing_time_on_each_machine
18 68 75 23 90 
51 29 47 96 75 
87 74 80 8 8 
42 53 78 70 40 
5 15 23 69 25 
93 66 85 48 72 
8 7 48 89 64 
99 20 37 25 74 
28 57 58 71 5 
84 63 61 53 77 
65 70 39 69 59 
38 43 73 70 7 
per_unit_time_realse_of_each_job
86
1
95
86
77
1
93
81
89
74
8
85
per_unit_setup_time__of_each_machine
20 27 44 8 10 46 18 25 24 24 5 21 
8 16 20 46 1 31 1 20 31 38 18 33 
28 13 4 45 6 7 16 5 1 40 42 12 
27 13 41 21 20 31 35 29 13 17 13 30 
14 30 9 27 14 6 16 8 33 23 16 6 
15 25 20 2 46 46 1 29 4 2 46 24 
19 3 47 17 25 23 12 29 5 19 3 46 
46 5 15 21 21 34 33 48 1 22 39 34 
16 32 37 32 47 27 28 39 47 25 32 22 
20 35 16 36 14 14 36 21 49 13 16 32 
6 5 2 11 30 6 25 26 3 20 23 42 
46 7 31 26 41 17 26 44 23 24 38 28 

4 19 4 45 18 47 48 9 11 14 36 25 
44 18 19 34 41 17 47 10 24 47 45 13 
15 8 26 23 27 48 37 6 18 30 41 38 
13 19 33 44 14 15 41 3 4 49 5 30 
44 12 11 26 21 33 38 22 23 34 41 5 
48 21 48 47 22 18 3 43 42 24 11 34 
34 19 7 37 38 45 20 46 10 18 25 6 
48 40 5 20 7 21 40 5 40 30 48 40 
23 1 45 26 47 39 23 33 24 45 42 27 
10 27 33 13 37 16 25 38 38 44 36 37 
45 21 4 44 25 32 8 47 17 25 31 20 
26 7 16 34 14 12 34 29 26 45 27 2 

42 1 44 13 29 28 13 5 20 26 8 48 
45 10 1 32 22 39 27 1 20 21 6 17 
25 29 27 26 38 27 41 42 38 48 1 7 
17 23 19 27 29 33 42 13 38 9 29 44 
12 13 13 40 41 4 10 12 15 46 28 1 
8 5 30 42 43 42 10 6 30 28 30 20 
40 14 17 2 10 7 26 9 34 46 43 24 
35 30 1 33 6 45 14 34 13 34 6 7 
25 3 24 2 43 44 29 26 17 33 29 44 
39 31 29 36 38 26 43 22 17 39 5 12 
44 13 26 43 16 29 28 27 26 20 44 28 
25 27 26 48 30 31 49 31 33 39 40 3 

2 34 24 9 9 36 30 38 32 49 39 39 
35 25 18 23 4 7 5 38 37 17 9 15 
43 29 31 40 12 38 6 4 11 2 45 5 
14 5 46 28 19 14 2 22 49 4 23 21 
43 33 15 40 39 14 48 29 8 20 17 22 
9 5 38 26 44 27 40 6 8 31 46 21 
44 10 46 28 4 33 6 15 39 18 30 25 
10 5 42 42 13 21 44 8 31 25 3 30 
45 22 1 7 35 3 10 8 47 12 31 43 
4 22 49 44 31 24 32 48 21 4 5 33 
24 5 15 19 32 6 34 49 6 16 7 5 
48 35 24 13 44 32 22 3 22 21 13 27 

3 13 35 39 42 15 30 14 35 41 25 23 
45 16 7 9 19 36 23 42 43 12 15 14 
29 38 34 5 15 20 11 14 7 4 13 2 
47 21 18 24 25 48 32 6 48 28 47 26 
18 8 46 28 49 28 16 25 21 46 44 34 
11 49 13 33 44 36 30 38 46 47 44 40 
14 28 5 44 42 5 44 11 36 26 3 42 
17 33 37 9 38 5 39 2 41 4 29 24 
19 38 19 4 3 30 44 24 47 28 36 49 
31 37 20 22 10 45 49 18 26 42 21 27 
40 34 2 26 13 19 38 39 35 29 1 1 
2 11 27 26 47 28 27 23 6 30 5 30 

