budget
1403
per_unit_time_cost_of_each_machine
7 9 5 4 6 
job_processing_time_on_each_machine
22 59 99 81 94 
21 76 49 26 21 
2 1 6 69 31 
39 27 97 11 74 
8 14 87 96 94 
24 31 83 83 26 
50 49 33 98 99 
93 4 14 51 13 
25 84 11 92 99 
82 76 51 51 35 
18 72 33 33 56 
70 1 64 32 42 
per_unit_time_realse_of_each_job
44
22
19
61
18
21
60
71
70
54
48
3
per_unit_setup_time__of_each_machine
9 42 27 8 37 46 18 40 42 3 13 2 
28 13 5 33 49 44 39 24 27 1 22 7 
24 42 20 15 25 43 10 17 17 15 39 6 
29 18 48 13 37 2 14 28 7 34 45 34 
30 41 4 15 47 2 47 13 33 30 16 27 
20 26 40 13 32 38 13 1 2 23 30 25 
17 40 24 18 21 7 26 22 10 25 17 35 
48 27 14 22 2 37 6 21 19 7 38 4 
9 37 42 27 46 34 35 39 1 45 31 49 
34 26 39 13 30 30 25 4 11 34 8 44 
21 12 7 28 4 40 15 29 7 1 3 36 
29 20 12 17 40 33 23 42 21 4 13 12 

19 42 14 42 48 45 10 43 2 22 3 31 
28 30 26 5 41 40 31 24 19 4 35 42 
17 20 2 47 4 13 32 43 19 37 25 28 
42 21 23 35 46 27 16 7 14 34 49 18 
23 48 46 24 29 10 46 23 42 28 12 4 
44 5 18 32 18 24 26 18 33 49 32 32 
15 48 25 25 36 10 24 16 17 4 40 25 
27 37 17 39 11 12 11 8 42 19 12 12 
23 21 24 46 36 28 46 19 21 24 32 18 
28 39 7 9 44 24 34 35 27 1 39 43 
9 19 25 33 20 34 14 41 43 27 19 17 
41 49 32 42 37 15 19 15 29 34 16 2 

33 16 5 14 43 3 18 14 16 7 5 22 
37 15 21 49 11 12 47 46 13 2 4 22 
3 36 46 45 7 4 15 13 39 12 28 15 
18 32 1 47 43 15 42 32 29 29 28 17 
35 28 27 10 28 14 20 49 47 1 13 21 
12 35 28 7 28 18 34 30 13 20 34 8 
22 27 8 27 17 23 12 8 46 45 1 48 
38 17 26 3 38 14 45 43 26 18 48 33 
43 36 19 36 5 34 46 37 34 47 22 47 
23 15 33 32 30 33 40 16 44 30 47 45 
43 39 38 42 48 16 43 18 35 49 18 33 
20 32 4 19 35 1 14 2 17 2 2 39 

37 1 9 39 22 22 47 2 37 36 48 44 
32 32 12 32 12 47 43 6 46 10 26 18 
8 4 8 5 45 6 8 1 4 7 18 8 
46 3 11 18 26 46 23 37 30 45 1 21 
20 40 24 25 32 25 46 25 20 34 12 46 
28 38 40 46 20 1 13 40 18 43 14 13 
47 6 14 4 16 13 27 2 6 21 5 34 
42 14 29 40 3 49 20 25 48 23 23 8 
43 19 37 37 23 31 24 8 19 33 13 17 
7 39 20 40 4 39 42 27 49 13 49 36 
9 17 33 3 24 37 11 10 27 25 16 39 
23 27 37 3 13 29 12 5 37 45 26 26 

31 28 2 29 40 11 4 11 46 47 26 35 
26 20 7 18 3 32 46 42 29 8 34 27 
11 39 10 25 46 16 5 47 37 40 19 30 
37 32 9 44 17 46 16 44 46 25 12 17 
46 10 46 7 4 38 20 17 46 30 28 1 
10 11 19 49 49 36 25 1 40 7 17 31 
14 39 9 6 18 19 32 41 4 32 9 13 
29 46 43 8 49 38 21 25 1 16 10 29 
18 7 16 28 33 12 12 34 13 47 4 25 
44 33 12 35 48 20 6 42 5 47 39 44 
41 18 6 40 29 19 36 6 5 3 38 5 
14 40 28 19 8 49 36 13 43 47 3 4 

