budget
1532
per_unit_time_cost_of_each_machine
6 11 7 7 7 
job_processing_time_on_each_machine
73 52 13 42 46 
8 1 57 40 92 
95 89 3 17 39 
39 95 39 82 37 
40 8 90 5 68 
1 60 1 16 29 
57 84 63 98 59 
92 71 5 12 32 
95 59 89 22 45 
14 53 66 66 85 
15 83 11 55 91 
6 76 23 56 29 
per_unit_time_realse_of_each_job
206
90
96
176
149
167
128
37
25
21
117
61
per_unit_setup_time__of_each_machine
60 115 56 67 36 102 93 7 20 66 67 67 
79 83 110 76 88 38 9 73 67 29 65 44 
78 70 110 95 20 120 52 108 34 106 1 77 
83 77 110 83 25 15 31 49 44 37 94 52 
75 25 74 44 105 93 84 110 90 8 42 7 
30 88 80 103 73 108 72 68 79 94 13 88 
90 1 106 82 109 93 67 76 27 63 92 97 
13 87 81 97 65 43 106 119 104 98 64 110 
4 116 15 59 5 8 34 16 88 3 88 70 
70 31 112 92 92 88 11 89 35 65 60 30 
90 46 61 2 69 113 60 89 16 43 100 92 
56 68 73 109 38 42 45 93 34 57 105 48 

61 51 47 119 10 14 65 33 17 94 34 119 
98 93 72 8 1 92 62 69 61 32 102 60 
34 56 41 35 81 101 22 51 83 100 73 118 
123 74 57 18 92 86 87 115 50 118 20 22 
86 79 29 43 32 83 37 124 124 64 69 47 
12 26 35 123 77 87 43 97 61 74 2 24 
104 90 115 30 70 113 80 77 71 17 97 82 
76 61 55 35 65 59 51 55 31 1 108 6 
100 65 94 94 73 21 65 5 116 31 70 43 
113 29 32 59 118 117 101 61 21 55 58 87 
1 115 33 1 1 36 57 73 104 93 47 35 
2 112 15 39 46 96 52 20 44 63 72 109 

60 75 92 122 40 116 52 85 123 35 77 6 
67 81 18 48 24 31 84 120 5 37 94 91 
46 49 1 87 39 65 29 30 60 99 79 115 
89 76 51 25 20 71 121 117 64 80 76 30 
29 92 43 43 86 18 88 1 9 70 65 117 
89 74 21 68 108 34 35 9 59 44 49 91 
39 23 91 124 77 4 101 97 58 35 63 11 
28 83 103 52 27 44 76 34 123 119 49 65 
120 111 80 4 3 63 108 10 81 12 97 81 
98 69 10 47 4 96 91 95 83 42 97 34 
55 50 15 58 72 78 66 26 121 46 82 108 
1 113 82 72 1 50 114 5 26 119 36 121 

22 124 69 20 104 73 101 53 33 28 8 61 
85 70 58 55 59 4 118 4 44 107 22 11 
72 95 82 56 42 87 78 99 9 69 52 86 
95 43 59 62 75 23 24 86 93 55 55 104 
85 36 6 22 60 48 108 64 90 29 89 10 
17 56 107 105 28 22 124 85 64 1 78 85 
27 62 24 78 93 26 63 5 24 51 59 40 
42 124 36 7 18 55 59 67 39 46 105 114 
40 84 17 80 109 54 32 54 97 89 50 29 
21 61 36 93 123 31 118 23 14 23 6 55 
121 18 4 14 46 73 27 107 81 121 111 60 
57 90 76 64 42 33 84 15 88 115 29 117 

55 6 73 78 123 50 70 26 22 113 84 92 
64 122 88 68 110 104 62 98 70 57 66 89 
41 81 124 39 46 105 74 49 35 47 2 87 
118 104 12 50 18 116 19 5 93 49 78 49 
76 82 82 36 36 24 23 107 71 1 104 95 
113 105 27 53 112 51 92 104 118 114 120 80 
16 3 17 33 102 76 104 14 30 49 32 110 
29 86 5 11 32 98 75 69 70 90 92 109 
70 21 3 83 120 95 38 8 33 39 30 76 
123 117 66 55 109 47 14 114 122 120 81 5 
27 103 17 26 44 1 49 48 112 97 94 86 
28 63 10 42 72 7 39 53 95 19 88 83 

