budget
2453
per_unit_time_cost_of_each_machine
10 11 12 8 6 
job_processing_time_on_each_machine
29 67 93 82 83 
24 76 45 75 79 
10 56 74 69 6 
69 6 30 88 89 
79 81 58 59 89 
50 87 61 28 88 
87 6 59 40 49 
18 21 39 82 56 
64 65 95 19 18 
51 11 44 84 60 
50 59 56 45 19 
11 60 94 93 86 
per_unit_time_realse_of_each_job
64
189
89
177
99
6
215
107
6
94
154
4
per_unit_setup_time__of_each_machine
80 71 32 26 54 75 26 77 23 6 90 28 
34 20 3 20 61 36 52 36 85 72 29 81 
80 94 57 15 63 22 70 67 57 69 68 95 
3 60 73 78 70 94 94 11 35 16 56 33 
31 33 56 1 56 78 45 71 67 36 81 11 
12 12 38 58 38 5 42 95 41 45 8 53 
82 30 35 75 39 65 54 91 16 18 86 18 
78 87 77 38 53 14 7 77 39 16 1 27 
73 96 74 35 8 89 21 4 28 83 64 32 
88 22 10 37 74 95 5 76 69 22 36 29 
58 37 80 45 16 1 40 12 27 36 71 75 
99 79 40 30 82 3 21 38 80 64 68 3 

71 43 57 7 8 24 60 94 15 85 33 97 
69 54 69 49 69 83 20 22 73 19 22 28 
33 2 30 2 74 87 11 24 84 6 77 88 
29 63 30 79 63 16 80 64 89 85 35 68 
80 72 97 27 46 35 61 89 73 74 97 71 
89 14 52 30 97 4 81 49 28 25 53 24 
53 50 23 20 25 23 21 98 50 9 59 92 
92 75 86 8 9 76 17 50 4 84 43 47 
6 29 69 62 60 20 77 67 45 85 43 88 
82 24 44 66 77 70 49 64 46 13 61 68 
54 45 61 81 53 63 65 99 12 44 26 46 
40 78 82 46 7 92 11 37 29 58 52 90 

73 6 95 35 3 40 81 54 32 82 95 58 
34 35 38 9 31 86 21 70 43 56 81 91 
16 12 77 83 90 26 33 93 52 36 9 47 
15 69 77 46 76 65 62 22 4 8 13 90 
84 60 8 48 99 28 24 33 60 53 82 91 
52 43 6 89 43 55 85 85 95 38 19 24 
27 44 91 56 75 11 78 60 4 46 24 38 
5 91 92 95 37 5 47 69 60 51 25 91 
82 28 5 85 19 6 1 59 38 38 97 97 
25 96 54 28 32 95 93 50 9 64 5 4 
52 21 75 74 16 13 78 10 17 89 31 30 
12 51 62 26 68 39 77 26 86 36 96 4 

17 30 22 38 23 89 13 75 22 29 59 12 
86 12 89 49 2 51 15 44 70 77 69 89 
88 11 15 66 53 27 96 91 22 45 1 4 
18 29 2 30 70 30 73 31 93 53 15 16 
2 91 88 5 43 8 26 18 80 90 77 94 
77 82 77 91 16 6 5 96 25 67 92 78 
33 96 76 30 20 65 46 8 89 64 71 33 
38 87 70 72 31 86 15 31 71 44 97 5 
77 51 95 8 33 13 40 33 52 71 13 52 
6 98 10 23 51 92 62 95 27 85 75 11 
39 76 62 44 7 73 51 26 93 91 17 83 
90 92 33 1 81 72 10 90 53 23 66 54 

77 72 51 13 36 90 45 88 12 14 43 48 
14 49 64 48 62 10 96 12 6 56 96 83 
83 83 79 81 24 33 9 94 72 72 7 42 
55 14 22 59 66 21 57 5 82 78 1 60 
91 59 47 27 46 78 87 85 31 66 19 13 
36 45 68 30 47 33 84 95 30 89 80 73 
32 94 98 23 64 87 55 47 97 65 69 13 
38 52 98 4 4 53 10 13 69 93 8 46 
22 65 25 28 68 71 31 73 42 1 36 57 
66 23 59 93 6 26 40 99 69 92 55 31 
92 44 16 62 63 40 24 25 29 53 51 42 
35 37 17 8 41 78 30 10 56 55 77 80 

