budget
2097
per_unit_time_cost_of_each_machine
12 14 11 11 3 
job_processing_time_on_each_machine
89 21 86 57 65 
55 64 3 17 40 
75 86 67 63 67 
92 94 36 99 14 
93 17 22 62 73 
95 60 25 24 87 
73 81 16 14 34 
24 61 15 50 9 
4 63 46 92 59 
27 16 47 85 56 
95 41 88 37 49 
72 59 90 9 30 
per_unit_time_realse_of_each_job
54
49
17
50
48
59
65
54
52
21
32
6
per_unit_setup_time__of_each_machine
100 116 52 108 110 7 74 100 28 121 104 79 
104 54 10 19 55 93 36 29 22 68 35 76 
5 83 56 76 83 90 63 119 26 77 40 75 
31 17 121 84 81 88 80 90 95 33 12 70 
6 114 86 14 39 38 19 63 65 118 90 107 
111 110 107 74 45 88 69 88 123 40 88 4 
45 54 107 99 69 20 27 92 14 35 10 106 
55 61 21 14 11 121 60 35 110 2 79 92 
4 87 52 49 41 58 68 76 113 15 118 69 
76 55 99 59 32 6 15 2 85 90 98 46 
1 34 86 105 46 74 60 92 25 95 121 9 
40 117 19 5 31 78 109 24 22 30 3 58 

34 13 61 77 33 21 46 102 122 97 99 28 
41 77 21 102 63 91 64 81 106 86 69 34 
8 60 103 49 69 25 64 26 85 29 109 115 
59 94 16 74 114 80 96 40 109 113 15 6 
70 77 43 60 78 52 22 47 61 49 68 99 
75 63 29 41 118 18 91 20 114 61 20 22 
49 77 104 98 21 36 78 105 114 71 101 114 
20 17 69 65 72 121 1 2 66 81 7 6 
56 120 30 37 37 109 60 115 27 114 92 89 
21 79 109 30 39 54 28 67 36 79 78 27 
107 124 26 51 13 51 121 117 34 59 47 65 
41 123 85 64 77 109 120 57 85 46 53 106 

117 54 52 80 114 123 58 41 97 17 46 101 
80 105 16 22 90 14 73 1 75 115 38 94 
33 34 63 71 40 117 121 20 25 123 63 32 
99 73 1 104 29 1 34 32 7 99 64 6 
35 94 45 108 31 41 89 4 36 99 77 73 
68 76 74 60 49 113 102 48 25 73 42 99 
41 16 81 4 102 20 4 53 77 23 115 30 
61 17 86 42 2 98 71 38 44 110 63 62 
102 115 92 94 33 115 114 18 108 22 100 50 
29 14 89 65 107 41 34 119 106 6 110 4 
120 97 81 23 9 76 37 63 25 118 46 72 
116 74 12 81 10 63 123 73 112 15 58 24 

103 68 18 76 116 74 73 39 12 54 46 58 
13 110 24 46 116 66 43 6 88 47 13 117 
19 14 61 70 95 24 104 13 36 43 68 28 
20 39 58 90 8 42 3 42 113 108 7 71 
113 51 37 6 22 74 36 93 119 53 74 123 
11 108 30 37 118 23 124 103 3 98 10 53 
26 124 19 59 37 94 78 119 50 89 76 30 
31 43 83 50 10 98 15 7 22 61 93 50 
58 49 1 22 104 111 44 53 44 106 71 98 
46 63 99 89 117 31 117 90 78 34 43 70 
5 86 76 47 117 85 68 114 86 122 108 124 
90 37 77 8 121 58 11 18 38 112 67 77 

89 123 56 12 46 70 74 68 98 101 80 73 
13 105 88 53 51 17 77 29 111 57 8 41 
33 73 94 111 14 93 97 39 46 39 68 114 
73 24 8 57 94 58 36 64 116 117 25 46 
77 117 67 9 78 108 98 93 43 79 84 78 
107 18 34 68 92 64 114 124 58 84 64 99 
97 50 108 92 100 89 74 97 33 49 54 21 
63 68 31 62 9 116 23 50 24 59 85 51 
106 69 89 40 93 70 107 49 116 6 91 6 
47 117 48 70 89 82 15 21 117 9 98 43 
86 28 12 91 8 19 68 13 26 8 82 52 
34 54 80 23 117 56 89 88 83 116 114 58 

