budget
2829
per_unit_time_cost_of_each_machine
12 13 8 13 9 
job_processing_time_on_each_machine
21 15 40 73 19 
83 19 68 91 56 
38 86 58 27 3 
86 94 70 29 53 
77 7 79 1 24 
53 35 25 65 96 
21 29 22 74 18 
65 87 75 65 25 
20 85 95 16 38 
69 98 48 6 4 
75 77 31 82 55 
34 36 82 42 66 
per_unit_time_realse_of_each_job
143
90
41
139
159
57
90
50
90
140
77
31
per_unit_setup_time__of_each_machine
13 22 7 14 42 2 37 34 1 36 17 42 
11 10 16 26 22 45 13 37 10 3 41 27 
36 5 40 39 35 14 31 21 8 10 3 25 
14 35 33 5 16 31 31 6 15 11 40 38 
29 44 34 42 44 42 7 9 44 16 1 28 
41 39 11 11 32 22 15 49 27 11 33 49 
11 9 24 19 31 24 42 12 4 43 28 27 
29 40 29 48 45 8 25 30 22 38 13 36 
36 35 39 33 30 44 14 31 46 1 11 30 
17 37 4 47 14 39 25 20 13 7 31 40 
37 16 46 11 29 24 33 42 19 19 29 49 
2 36 40 46 17 18 27 21 21 2 47 24 

24 34 3 49 49 47 24 10 11 39 41 35 
22 33 10 35 35 45 33 9 47 26 46 49 
3 4 16 32 10 29 46 9 21 26 19 1 
11 10 43 40 23 38 43 12 24 3 13 3 
30 32 47 30 41 28 11 32 33 45 14 12 
15 42 48 49 17 2 39 46 48 11 43 40 
14 15 7 2 13 32 18 17 18 18 31 6 
37 17 30 5 22 10 5 46 34 5 30 7 
20 20 12 27 29 9 36 13 6 40 41 42 
23 33 2 48 38 30 21 20 4 5 26 36 
5 45 3 1 13 25 42 8 24 45 8 45 
13 22 1 42 26 13 5 12 40 41 15 13 

17 29 7 47 3 17 45 31 42 31 41 41 
30 4 25 44 36 21 12 9 2 43 29 2 
32 41 10 16 19 16 38 46 25 20 48 3 
24 40 13 2 31 1 40 13 1 37 45 14 
7 48 22 27 48 17 27 33 44 1 4 14 
17 42 11 33 47 24 16 4 16 48 29 20 
40 33 36 1 39 47 20 21 2 45 29 37 
27 20 14 26 29 46 13 18 47 44 39 5 
2 19 22 18 37 15 30 30 22 1 36 30 
43 45 43 9 42 25 6 41 28 10 47 27 
41 5 1 41 25 3 19 11 30 1 11 45 
6 26 20 34 31 17 5 17 24 14 46 28 

4 42 31 21 4 27 24 31 19 29 34 13 
47 5 31 1 35 47 49 36 28 17 40 6 
28 40 26 30 36 49 14 22 28 9 44 21 
43 14 5 4 12 20 2 40 3 45 22 31 
5 4 22 30 43 10 32 3 13 12 41 2 
2 46 6 24 12 40 4 39 8 10 26 8 
29 42 11 35 20 31 29 18 12 9 35 46 
17 15 15 40 44 24 15 19 33 16 30 10 
7 48 24 3 18 31 1 2 42 21 3 45 
20 34 25 36 29 7 13 31 45 39 20 36 
42 29 14 46 22 49 28 39 14 13 15 27 
46 31 42 28 20 10 38 25 5 11 22 33 

26 37 38 20 4 43 18 45 34 34 4 12 
17 30 35 34 23 42 45 20 21 36 40 2 
39 41 22 5 3 18 46 27 44 42 39 28 
34 47 30 2 39 26 42 35 41 3 16 46 
43 3 2 2 22 24 12 8 17 20 5 41 
37 37 13 31 26 23 1 46 44 23 6 32 
7 24 22 40 39 36 12 4 8 41 29 22 
24 33 35 5 28 5 8 35 46 24 27 33 
8 22 39 20 12 39 19 37 48 13 17 37 
45 47 27 25 24 45 30 33 29 27 44 44 
44 47 7 26 22 10 5 3 16 2 7 46 
15 39 7 35 36 12 45 6 48 7 28 18 

