budget
4195
per_unit_time_cost_of_each_machine
4 5 3 8 11 
job_processing_time_on_each_machine
51 8 98 4 15 
52 26 25 5 76 
46 76 40 34 3 
73 83 45 52 31 
8 33 59 15 85 
90 74 36 34 76 
32 11 4 94 1 
35 38 47 13 45 
98 13 20 72 70 
40 99 73 62 8 
55 64 8 50 35 
6 62 92 6 99 
per_unit_time_realse_of_each_job
8
1
4
7
16
7
6
3
5
1
2
6
per_unit_setup_time__of_each_machine
38 63 5 84 11 50 85 15 94 80 25 18 
93 56 85 48 59 28 77 32 93 80 94 89 
71 45 68 24 60 32 37 32 74 50 7 72 
50 75 99 58 72 58 50 94 37 21 73 29 
83 36 40 51 96 48 84 97 74 98 14 87 
94 64 96 74 77 31 23 12 47 13 24 25 
12 68 20 6 76 2 9 95 71 95 42 84 
51 81 9 95 17 87 84 82 23 58 52 98 
45 99 54 79 33 43 92 90 51 76 19 71 
23 36 47 55 77 13 32 67 25 55 23 95 
47 43 62 34 41 96 31 91 89 81 95 69 
10 31 83 96 48 78 28 24 61 49 91 73 

78 31 51 45 56 26 29 63 37 31 28 77 
20 43 9 96 51 39 36 80 55 28 23 39 
83 7 25 1 46 48 90 75 72 32 42 72 
57 37 77 29 76 49 58 57 99 50 10 22 
89 67 66 21 13 66 83 78 61 29 86 53 
7 29 43 46 81 25 40 14 9 15 61 76 
78 32 26 28 95 51 5 31 86 94 72 12 
5 65 84 29 5 46 84 40 40 64 91 30 
48 60 79 42 68 68 26 55 81 48 2 52 
91 68 11 47 45 87 33 79 19 28 91 68 
61 92 86 27 19 19 26 31 36 17 90 40 
60 92 60 69 40 98 54 3 45 4 91 53 

90 44 32 62 20 42 19 30 99 39 62 92 
84 36 85 10 31 11 1 99 84 70 2 84 
36 22 47 62 84 44 57 92 70 95 42 7 
41 78 26 12 9 87 69 24 54 49 53 90 
44 93 36 24 11 62 32 26 70 88 42 22 
12 63 64 67 54 11 38 68 88 93 19 65 
4 79 71 17 14 71 59 55 3 49 16 21 
81 17 81 76 63 5 96 80 97 18 21 38 
33 90 88 14 42 28 52 5 15 84 22 76 
21 99 83 42 61 94 60 14 11 67 30 80 
63 9 64 51 90 49 76 25 19 73 60 18 
51 6 27 5 99 13 77 18 7 21 50 55 

91 86 82 31 85 30 99 40 35 76 99 51 
3 82 28 9 49 27 18 63 37 36 90 95 
37 5 86 65 74 1 31 52 89 10 95 12 
61 8 62 17 68 17 50 10 26 28 23 29 
77 57 21 46 92 14 36 70 25 35 95 52 
98 91 45 52 74 88 9 4 70 85 34 34 
74 72 61 66 17 80 52 84 83 3 27 69 
85 16 7 80 86 17 50 21 22 30 56 34 
84 77 27 65 13 33 81 70 83 21 75 67 
10 17 55 34 69 39 89 43 52 4 89 35 
64 92 90 25 67 37 77 35 81 67 53 64 
63 6 16 67 51 74 32 70 10 2 18 93 

55 72 60 91 4 25 21 5 24 41 54 26 
22 18 69 54 48 85 87 76 66 41 93 24 
55 78 67 43 90 81 72 41 85 45 87 45 
20 12 81 20 52 77 75 93 47 63 37 45 
90 89 26 87 40 62 24 99 91 15 15 58 
2 89 97 13 27 35 16 44 53 77 99 67 
58 48 87 9 78 45 35 28 35 73 60 92 
71 78 55 13 81 97 4 3 61 41 22 5 
67 52 85 39 30 23 51 96 73 36 17 63 
20 22 59 74 31 66 82 98 24 80 89 40 
65 75 61 71 61 37 17 71 18 43 37 89 
46 32 59 13 50 57 89 54 50 38 61 20 

