budget
1125
per_unit_time_cost_of_each_machine
4 4 3 4 9 
job_processing_time_on_each_machine
37 83 89 45 80 
44 64 52 41 83 
1 33 71 50 74 
50 55 49 64 20 
34 32 31 63 93 
29 60 50 80 2 
35 89 50 63 8 
90 46 48 36 28 
10 59 86 57 7 
80 21 97 84 85 
per_unit_time_realse_of_each_job
29
48
44
25
6
25
7
43
50
58
per_unit_setup_time__of_each_machine
24 21 43 48 38 3 13 47 26 49 
26 33 46 10 46 34 28 8 19 23 
48 15 16 31 11 24 49 39 42 35 
12 29 10 42 18 29 29 49 23 36 
20 21 35 14 46 48 8 31 49 46 
30 37 2 19 36 11 31 9 7 39 
43 33 22 45 15 7 48 3 11 15 
26 16 9 49 43 10 15 5 37 47 
47 6 47 9 19 6 26 16 39 2 
48 20 12 32 12 27 33 11 34 14 

7 49 35 37 14 3 43 4 1 29 
17 32 2 46 21 34 8 24 48 31 
8 20 29 32 49 30 32 32 40 31 
2 11 34 25 12 10 48 29 12 1 
19 24 4 12 1 23 20 2 19 23 
16 30 8 43 23 13 49 19 25 27 
38 49 1 44 25 17 32 17 29 11 
31 45 13 25 19 18 33 47 11 9 
31 39 3 27 46 36 9 5 32 18 
18 33 38 42 12 29 42 10 48 47 

5 41 31 16 45 44 36 5 44 35 
4 39 2 7 2 14 18 44 38 4 
38 20 14 36 48 18 48 34 14 16 
25 15 34 40 34 23 20 21 5 8 
18 33 26 36 5 26 28 37 22 42 
20 17 47 5 8 16 39 1 21 32 
47 18 18 39 3 16 33 12 44 28 
48 26 49 20 5 23 45 16 36 17 
24 25 32 8 43 42 42 11 3 21 
7 45 32 3 44 3 26 8 18 49 

5 37 30 40 41 42 46 48 7 25 
8 30 48 16 10 28 4 34 39 18 
42 41 40 27 9 40 11 5 13 2 
32 36 17 36 30 3 22 4 15 5 
26 13 25 28 16 43 21 10 10 12 
45 32 36 30 16 42 35 3 1 21 
38 35 30 22 28 10 11 49 15 36 
34 23 45 12 10 19 36 11 17 34 
44 4 33 32 19 11 10 49 37 47 
23 19 15 42 45 33 1 30 30 26 

33 41 19 36 47 19 45 22 39 8 
43 26 38 12 13 18 1 49 42 46 
8 47 25 27 4 25 35 3 11 7 
4 12 23 3 7 17 35 41 31 13 
27 7 13 23 20 29 12 47 3 21 
41 32 4 45 19 34 14 28 37 39 
32 49 16 31 39 32 5 6 36 24 
40 15 4 25 14 28 26 6 30 15 
6 2 18 35 3 12 42 24 5 12 
33 39 3 16 36 45 3 25 40 43 

