budget
6385
per_unit_time_cost_of_each_machine
9 10 15 10 10 
job_processing_time_on_each_machine
58 86 7 27 88 
89 43 23 70 90 
32 92 17 85 28 
97 26 91 8 68 
62 80 9 87 63 
47 65 52 72 12 
26 25 23 36 59 
98 2 39 32 48 
7 90 75 21 30 
77 10 40 73 15 
63 60 32 4 31 
52 67 94 22 59 
per_unit_time_realse_of_each_job
98
140
35
90
8
20
160
25
157
23
47
73
per_unit_setup_time__of_each_machine
79 22 10 15 14 39 23 52 18 33 88 76 
18 13 11 99 40 56 61 55 14 61 46 61 
96 53 34 54 21 49 81 72 91 48 16 11 
37 47 20 52 81 47 53 84 92 54 78 19 
5 45 14 12 60 94 83 1 56 26 94 71 
81 6 2 42 79 34 81 20 49 22 13 77 
23 57 38 23 18 25 24 13 16 73 25 71 
53 9 8 82 85 4 79 89 15 8 90 99 
16 37 9 18 87 30 74 89 38 57 28 1 
38 67 95 12 62 47 49 53 21 95 20 77 
47 80 82 6 9 68 77 35 7 13 1 57 
70 86 34 70 51 40 24 3 80 68 2 67 

66 69 46 40 75 94 81 76 36 49 5 86 
34 51 50 59 94 14 78 63 2 55 83 24 
27 97 32 80 59 66 10 50 86 43 90 93 
15 90 11 96 78 96 57 73 46 65 56 5 
53 90 65 31 73 41 70 76 60 13 67 60 
71 42 45 54 17 65 61 47 19 13 88 76 
41 6 63 76 85 66 1 28 92 88 99 27 
57 2 4 77 80 70 56 40 97 25 97 96 
82 30 51 1 52 43 52 72 19 61 51 81 
74 57 51 6 57 50 26 88 10 40 54 96 
55 49 35 89 8 93 10 15 45 31 58 31 
65 7 3 66 46 40 62 43 21 89 34 36 

24 18 98 30 73 3 48 24 82 27 46 50 
48 69 88 69 99 56 93 85 93 73 92 63 
87 16 44 87 20 57 31 41 5 26 80 32 
76 86 72 74 96 76 45 36 55 23 97 41 
76 88 74 81 53 66 42 84 46 64 57 17 
47 7 87 62 49 12 47 50 27 36 73 84 
65 69 95 30 49 70 60 35 40 14 29 9 
49 50 28 78 57 51 68 98 64 27 9 65 
38 2 80 11 20 39 57 11 90 72 67 92 
34 77 60 74 88 9 95 34 67 37 83 13 
88 43 54 78 19 55 54 34 85 27 72 14 
38 32 88 33 11 50 46 50 95 54 40 8 

54 51 20 87 81 89 4 78 45 4 4 70 
39 76 49 80 43 11 25 28 41 1 92 52 
94 65 21 5 7 59 1 5 7 12 59 77 
45 13 44 87 65 92 11 61 39 21 74 32 
95 74 50 95 81 72 53 89 50 73 92 28 
28 94 6 55 45 63 78 82 98 59 18 73 
23 65 81 11 19 68 70 42 61 34 65 31 
88 27 15 93 18 30 72 66 95 15 73 73 
8 69 53 52 69 33 96 92 25 75 31 47 
62 41 37 83 93 9 2 21 79 86 77 30 
69 88 79 34 37 16 86 93 63 95 68 9 
63 78 15 24 10 74 83 75 37 13 35 52 

80 9 98 22 57 23 5 86 17 95 42 22 
63 45 81 72 18 3 17 44 77 92 64 64 
58 8 71 67 94 2 83 67 43 42 5 65 
8 55 20 74 99 97 98 87 67 91 59 88 
9 45 1 26 87 14 94 38 78 22 40 71 
71 72 61 66 39 15 77 52 98 45 99 26 
97 38 96 64 28 96 76 43 13 80 34 91 
55 33 18 86 15 54 40 4 88 40 5 13 
58 31 83 54 86 7 88 94 23 55 94 57 
10 46 52 57 36 58 38 50 28 83 2 76 
46 46 32 56 51 60 13 87 27 87 98 20 
9 98 84 58 20 86 56 40 58 70 62 75 

