budget
5743
per_unit_time_cost_of_each_machine
12 14 7 15 10 
job_processing_time_on_each_machine
89 53 15 85 26 
26 52 66 12 80 
88 53 59 4 26 
3 72 39 25 15 
59 75 21 14 92 
13 27 89 67 14 
41 7 70 42 57 
13 24 69 97 68 
4 55 72 19 97 
11 81 25 10 15 
per_unit_time_realse_of_each_job
64
45
67
68
49
9
9
34
34
13
per_unit_setup_time__of_each_machine
75 46 34 69 118 27 63 120 5 8 
27 48 102 34 6 37 37 119 71 103 
12 13 109 81 21 42 66 57 33 87 
63 74 63 101 116 1 73 12 76 101 
15 122 35 109 108 104 105 52 13 95 
82 21 82 58 80 50 11 98 64 53 
64 74 69 8 57 100 85 106 1 115 
70 68 92 86 120 41 78 114 95 61 
66 19 116 74 3 41 99 121 22 32 
103 27 123 56 94 115 20 59 62 31 

40 3 88 113 61 5 67 32 5 118 
60 70 69 96 34 109 70 72 79 29 
103 1 97 8 103 25 109 57 13 94 
79 29 25 80 12 19 81 85 36 73 
112 78 104 115 77 72 72 12 3 45 
112 71 60 75 20 40 31 29 103 119 
55 81 80 59 85 94 48 67 124 80 
7 17 47 64 43 108 18 16 97 124 
91 118 121 46 64 120 73 30 72 76 
120 120 14 61 12 38 18 1 85 12 

35 56 120 39 27 86 113 56 97 96 
47 120 109 109 52 100 35 38 55 54 
1 46 4 68 122 52 109 50 42 2 
31 75 29 63 55 88 35 79 77 27 
113 25 76 1 93 41 87 94 109 115 
84 86 38 120 23 65 24 112 17 42 
105 7 2 11 6 64 51 96 3 66 
60 94 111 113 101 62 59 85 55 50 
47 54 94 15 75 8 65 24 39 27 
105 70 106 77 37 13 51 123 49 10 

123 33 18 81 97 90 70 60 8 7 
56 20 9 95 54 4 113 63 65 52 
115 91 121 55 113 21 77 57 90 3 
113 74 16 115 55 27 113 66 95 106 
76 58 54 27 89 114 4 6 67 46 
12 3 101 46 8 85 18 37 19 86 
110 6 35 53 21 4 106 69 38 7 
39 81 5 50 32 32 9 26 16 92 
117 47 70 13 64 18 24 79 10 15 
89 16 28 3 15 39 123 68 69 2 

121 40 55 101 81 3 28 91 44 69 
13 64 20 92 115 95 32 106 55 38 
4 109 7 45 14 2 8 75 69 79 
74 119 81 85 51 109 107 57 4 11 
3 51 108 54 71 71 39 109 65 18 
122 6 120 69 11 86 103 19 39 70 
115 21 26 31 38 69 123 98 111 5 
37 36 60 38 50 23 22 122 37 38 
96 89 93 78 55 70 79 62 24 78 
12 7 65 87 37 95 77 118 35 107 

