budget
7192
per_unit_time_cost_of_each_machine
15 14 6 14 6 
job_processing_time_on_each_machine
94 35 3 84 79 
63 98 78 69 94 
6 36 50 49 90 
92 30 90 66 95 
86 63 69 25 41 
93 47 51 9 87 
58 94 77 2 25 
76 68 44 49 51 
6 59 10 93 61 
65 84 34 14 85 
per_unit_time_realse_of_each_job
15
19
17
6
21
2
13
18
2
13
per_unit_setup_time__of_each_machine
49 57 56 26 80 70 31 30 49 41 
77 94 7 87 38 33 68 76 41 35 
67 34 85 21 58 20 62 51 95 87 
14 43 53 13 80 14 2 35 28 94 
39 75 1 39 59 99 8 79 67 70 
72 39 38 59 60 59 99 71 14 65 
68 49 8 94 92 5 61 49 43 53 
8 70 15 89 66 13 56 86 18 7 
12 58 24 82 85 59 95 65 2 70 
45 83 98 33 37 33 3 3 60 18 

20 58 46 4 14 47 58 37 4 11 
53 35 19 71 75 4 78 3 59 6 
31 88 9 26 97 87 29 50 80 99 
73 4 54 56 5 86 35 32 94 34 
14 9 84 31 60 62 40 32 93 31 
6 96 13 25 88 13 81 37 93 84 
75 11 34 86 80 23 29 58 31 55 
29 21 9 88 64 9 69 9 69 96 
22 54 71 4 34 95 6 59 77 71 
29 27 4 71 7 47 41 8 47 8 

20 43 48 12 22 27 32 29 39 5 
43 25 57 60 78 35 38 44 13 78 
23 57 15 10 35 40 92 56 85 29 
74 66 73 47 71 17 93 75 8 1 
23 72 79 40 9 3 31 47 31 31 
98 79 64 31 15 14 3 97 25 88 
75 80 8 16 27 42 57 47 74 57 
1 76 30 51 31 61 88 12 23 45 
75 39 87 69 56 99 79 68 97 45 
73 10 82 27 31 81 73 21 93 4 

25 65 2 60 31 5 84 6 23 84 
25 79 93 75 34 50 64 47 41 47 
69 7 41 86 85 3 11 39 67 3 
6 91 15 68 84 96 57 18 58 85 
47 96 99 46 69 67 32 25 61 23 
17 73 28 29 66 79 73 17 96 9 
18 25 52 8 23 6 11 84 96 96 
9 13 5 89 88 90 44 65 6 88 
33 52 11 14 43 78 21 49 44 49 
26 58 97 48 26 48 36 84 23 63 

99 71 24 94 47 80 21 6 19 40 
18 36 70 32 7 85 42 46 11 49 
7 50 20 4 38 54 55 7 54 86 
52 24 73 90 29 33 39 55 7 27 
54 86 61 57 76 30 78 49 14 41 
76 34 76 45 80 5 30 50 1 69 
82 69 11 1 86 26 81 32 51 73 
45 42 71 18 64 41 63 84 79 16 
6 98 93 52 82 28 98 71 21 58 
59 26 39 57 95 77 64 75 73 88 

