budget
4438
per_unit_time_cost_of_each_machine
8 9 9 6 4 
job_processing_time_on_each_machine
63 31 9 70 34 
37 60 99 91 29 
95 44 48 49 98 
61 67 39 80 70 
64 98 66 53 86 
61 81 13 20 22 
45 51 56 57 81 
44 52 20 64 72 
11 88 97 8 25 
12 31 93 22 91 
per_unit_time_realse_of_each_job
21
20
26
6
65
35
29
61
36
6
per_unit_setup_time__of_each_machine
53 90 39 52 48 75 27 72 90 82 
89 87 82 46 45 22 79 59 64 47 
39 78 52 3 58 47 43 25 52 76 
66 94 12 34 55 48 66 75 43 34 
87 91 16 82 70 80 67 74 20 35 
47 54 96 48 11 90 22 20 89 25 
19 94 88 11 79 74 3 89 35 60 
2 93 26 72 43 29 36 86 67 39 
5 42 47 83 64 55 35 41 23 11 
85 74 55 44 89 69 89 93 10 62 

76 39 43 99 36 8 94 32 38 63 
16 71 39 39 56 35 14 66 4 92 
17 33 61 48 19 31 27 67 17 31 
30 83 8 32 82 84 93 41 17 33 
32 20 58 14 74 49 87 46 11 55 
66 70 4 60 76 50 62 70 34 91 
89 89 37 8 43 70 4 64 27 77 
75 5 69 77 11 90 9 51 75 86 
21 9 44 84 30 25 7 25 35 85 
11 6 77 27 26 23 96 92 68 42 

3 74 59 57 97 65 61 13 85 85 
76 62 2 18 33 28 91 18 53 46 
87 10 32 64 99 62 15 48 77 46 
4 2 40 57 78 32 64 20 70 74 
99 49 69 10 13 87 97 78 28 91 
36 26 59 88 44 4 21 75 44 44 
88 90 13 14 5 5 67 8 10 90 
71 53 89 2 55 7 8 30 74 97 
29 55 98 7 93 70 65 45 56 4 
73 98 35 91 67 34 7 59 78 94 

73 32 67 13 39 60 56 58 37 65 
74 34 29 79 8 70 29 20 84 91 
60 44 87 38 16 26 15 99 6 17 
87 42 93 13 33 2 82 3 16 7 
48 27 78 17 10 93 49 27 97 7 
65 36 44 53 90 22 27 81 70 36 
7 40 94 28 2 8 17 49 98 65 
99 30 87 55 40 63 1 86 33 28 
34 13 40 49 57 48 10 45 60 50 
25 48 62 46 20 70 28 3 39 75 

16 42 98 39 96 97 83 71 75 6 
90 52 64 26 14 92 2 2 94 33 
10 39 38 30 70 12 3 15 1 91 
90 77 5 88 19 78 12 17 7 26 
60 58 72 20 15 47 66 6 22 51 
16 50 57 61 44 55 78 74 9 47 
41 77 36 40 87 19 94 30 71 79 
77 95 22 12 55 79 7 84 43 17 
14 89 65 93 91 40 46 87 78 31 
24 85 71 75 9 35 30 9 78 6 

