budget
2030
per_unit_time_cost_of_each_machine
14 5 9 15 12 
job_processing_time_on_each_machine
23 47 58 75 3 
23 83 97 59 28 
12 1 27 84 30 
21 60 60 66 11 
32 29 7 39 90 
4 78 86 91 97 
60 24 18 91 47 
87 80 85 6 25 
25 3 45 33 39 
1 58 68 93 99 
44 24 96 56 61 
95 92 87 37 98 
per_unit_time_realse_of_each_job
155
66
101
170
147
46
171
153
76
105
49
15
per_unit_setup_time__of_each_machine
24 31 46 7 21 8 17 17 45 30 1 12 
33 22 14 38 37 10 15 12 13 5 29 18 
10 44 42 5 49 47 36 34 4 46 14 33 
15 19 31 12 2 21 49 44 16 23 33 27 
7 47 17 1 7 8 49 20 30 41 33 19 
34 43 18 16 42 16 32 40 33 19 37 20 
47 43 19 7 47 13 40 45 18 16 29 39 
17 17 31 20 23 23 17 1 38 20 25 37 
32 15 28 39 25 39 1 45 3 5 21 32 
5 20 29 45 2 15 23 44 12 48 21 1 
34 26 21 20 42 9 25 46 48 7 7 30 
15 6 49 1 43 4 26 18 10 1 10 9 

22 22 5 45 28 16 19 49 1 3 35 36 
10 45 42 10 21 18 12 46 25 17 3 47 
1 21 39 32 26 8 43 34 43 1 15 30 
22 13 12 31 19 9 30 5 42 36 27 18 
13 49 19 42 33 12 44 43 14 33 1 43 
26 40 43 49 44 29 3 49 28 27 19 44 
36 36 38 17 28 47 9 22 2 8 12 37 
33 42 13 35 14 37 44 29 34 4 42 10 
1 25 25 1 26 6 10 48 14 42 36 11 
45 12 43 24 38 10 47 9 2 1 22 2 
2 49 4 27 21 36 23 28 38 43 1 4 
15 42 43 37 33 45 35 49 6 22 40 30 

37 36 41 21 20 2 16 35 42 8 19 10 
48 34 31 5 21 18 42 15 32 44 32 32 
4 19 8 32 35 14 12 28 11 32 43 8 
39 41 25 47 15 15 2 2 12 24 19 24 
36 17 35 12 41 10 30 20 34 22 31 14 
7 20 46 20 35 7 48 18 26 23 49 4 
19 25 38 46 35 29 41 21 22 14 47 37 
18 49 31 18 19 39 31 28 24 17 13 25 
21 8 49 46 32 33 38 9 19 8 7 12 
48 16 1 38 40 44 22 28 20 35 42 47 
28 23 8 18 31 25 29 43 31 44 34 11 
48 28 10 38 3 18 36 14 26 24 34 20 

40 43 43 31 1 21 2 11 7 46 16 10 
44 47 33 16 39 32 2 15 24 21 19 46 
21 39 11 42 47 10 3 2 9 37 22 19 
5 31 33 11 23 16 32 3 19 24 35 25 
33 31 9 48 27 8 38 49 13 31 2 33 
12 39 20 26 5 27 48 35 46 44 18 21 
46 42 21 47 9 31 29 21 22 7 44 35 
41 5 40 24 1 27 25 34 47 10 17 1 
5 29 26 23 20 12 48 42 19 45 2 15 
43 49 31 31 28 38 22 10 46 34 4 10 
11 3 6 41 38 12 24 49 16 8 2 48 
37 44 11 18 23 6 5 12 11 10 38 27 

1 5 25 32 14 16 19 28 17 44 17 24 
26 10 27 15 37 19 8 11 19 17 30 44 
12 42 18 44 7 16 36 21 49 23 22 45 
33 13 33 2 4 29 49 11 9 34 28 42 
28 8 34 48 37 18 32 23 4 1 4 15 
4 41 41 29 19 39 26 29 4 19 30 10 
45 8 45 17 10 26 16 32 8 41 19 32 
37 13 25 12 27 40 42 1 20 30 42 48 
20 34 49 22 49 38 23 49 27 22 41 29 
41 19 23 38 38 5 47 45 30 40 27 30 
12 21 1 25 42 20 24 18 47 7 10 38 
18 31 28 7 34 16 6 34 41 30 5 33 

