budget
1808
per_unit_time_cost_of_each_machine
10 10 4 7 13 
job_processing_time_on_each_machine
30 91 95 58 91 
36 89 76 9 75 
17 4 53 1 35 
36 80 81 97 72 
67 16 49 20 28 
1 50 91 72 23 
31 58 70 58 59 
8 27 43 27 88 
88 28 57 60 7 
81 17 67 91 27 
per_unit_time_realse_of_each_job
26
93
10
54
52
52
93
95
53
60
per_unit_setup_time__of_each_machine
27 78 11 56 21 30 37 124 119 112 
98 105 109 118 109 112 48 72 79 102 
111 111 108 77 74 106 18 54 74 4 
65 2 115 59 103 109 27 11 64 70 
62 13 32 5 14 13 112 57 93 122 
39 14 49 33 66 65 8 41 66 81 
60 38 92 111 77 3 21 5 124 41 
15 124 34 104 76 69 121 12 1 36 
98 88 66 24 32 17 68 102 95 35 
39 5 61 11 97 29 85 20 98 19 

85 44 94 57 14 53 124 63 25 65 
117 88 8 70 87 76 106 110 74 98 
75 66 92 82 91 43 36 78 20 78 
75 76 82 64 17 110 31 33 33 81 
67 58 2 43 10 117 88 76 43 108 
20 66 107 100 3 124 43 67 94 88 
58 27 114 29 10 86 64 3 64 75 
88 24 30 31 45 11 22 11 12 71 
112 51 38 54 56 52 99 54 116 10 
89 80 110 77 69 87 14 53 64 112 

115 40 7 120 7 110 87 17 72 47 
47 96 85 104 53 82 53 3 17 5 
18 108 99 50 13 16 118 53 21 97 
35 41 9 106 124 124 2 113 98 89 
21 122 94 24 45 22 55 21 59 15 
71 97 111 98 114 122 22 74 7 86 
116 35 6 113 88 67 82 90 78 68 
32 74 117 30 75 87 109 26 49 89 
114 10 42 38 101 23 76 83 38 97 
91 117 43 22 110 97 28 2 76 28 

24 1 92 74 99 98 35 105 20 110 
48 104 117 16 74 112 8 47 24 7 
68 92 97 71 13 119 21 49 48 8 
16 63 91 62 29 7 60 110 102 9 
51 120 38 75 16 40 119 35 41 23 
38 92 17 116 91 76 18 68 73 57 
73 36 21 63 100 114 101 14 51 51 
89 33 105 16 49 110 88 70 94 10 
3 78 113 79 113 48 96 32 24 51 
112 29 15 114 111 68 58 54 11 87 

77 100 14 55 83 96 88 72 65 110 
29 42 12 28 71 56 71 28 100 14 
88 55 28 64 17 2 50 77 66 81 
3 66 1 17 51 100 44 10 14 19 
6 113 74 95 89 117 79 18 32 57 
115 92 53 97 24 112 23 1 62 20 
39 83 77 74 80 103 82 88 18 49 
101 69 112 14 59 29 44 94 97 3 
23 113 53 68 40 4 67 95 86 50 
23 91 50 8 29 57 25 49 49 54 

