budget
6176
per_unit_time_cost_of_each_machine
3 13 3 14 11 
job_processing_time_on_each_machine
66 46 28 67 1 
75 88 7 40 55 
77 3 16 47 88 
84 79 60 45 97 
98 14 81 93 5 
19 7 76 20 29 
29 82 27 95 62 
75 57 10 27 3 
4 20 45 29 31 
32 47 58 59 94 
4 90 30 45 73 
3 8 36 95 2 
per_unit_time_realse_of_each_job
103
27
130
89
12
26
129
96
159
57
170
197
per_unit_setup_time__of_each_machine
88 120 34 25 40 36 96 52 19 84 89 6 
61 78 79 32 17 75 79 109 19 18 53 93 
38 51 66 6 89 31 75 9 116 69 24 78 
21 76 86 109 52 56 2 24 98 47 11 35 
9 1 39 11 104 45 108 50 24 97 85 122 
80 116 74 88 13 27 59 87 37 30 113 77 
101 35 113 76 100 14 91 105 78 123 110 69 
16 118 45 81 110 86 105 56 79 72 32 27 
75 40 57 44 115 32 25 49 69 3 10 79 
78 41 77 66 52 2 77 36 99 72 106 82 
58 116 28 29 58 19 92 49 71 13 103 54 
112 119 121 96 44 50 56 57 60 59 34 111 

7 68 104 115 91 19 92 72 2 77 64 89 
65 69 80 103 72 43 97 17 82 11 11 4 
110 23 4 113 114 52 42 96 16 55 47 31 
54 94 39 44 101 24 62 115 37 83 86 104 
118 112 7 36 31 105 97 89 40 26 106 87 
13 92 81 124 22 9 78 52 31 115 35 49 
80 17 90 64 109 95 7 65 122 26 53 48 
71 43 28 80 66 111 30 56 37 59 87 20 
29 20 33 57 107 17 3 112 30 36 4 4 
117 107 7 30 55 32 90 96 12 23 32 17 
46 90 68 16 76 41 47 107 9 91 91 98 
9 40 41 8 11 5 67 18 6 109 22 102 

41 46 99 117 116 75 77 95 54 31 83 106 
64 122 2 26 115 49 69 60 65 12 111 74 
108 76 84 50 39 91 8 109 109 83 68 62 
7 13 59 107 97 74 68 47 40 66 12 40 
62 40 95 59 27 66 42 26 3 65 20 33 
124 60 4 100 34 17 113 28 27 72 17 64 
55 27 51 10 56 5 93 102 31 63 117 102 
32 16 118 107 86 80 88 67 118 51 40 27 
56 67 106 123 106 79 12 11 57 14 4 120 
85 31 69 44 9 94 26 30 43 11 82 98 
65 49 79 55 44 94 38 94 39 29 50 70 
87 104 32 84 6 79 87 25 78 77 59 5 

108 121 60 38 4 72 104 90 75 65 32 38 
94 52 6 99 92 47 107 13 47 54 117 110 
23 23 3 68 96 97 80 98 32 12 117 31 
28 85 94 52 96 42 22 43 8 65 66 33 
106 89 39 50 9 45 47 105 70 60 110 21 
53 41 17 30 42 20 42 21 22 55 105 107 
72 30 38 115 67 109 77 70 90 40 111 106 
45 1 117 119 45 72 118 77 3 67 79 10 
53 63 55 99 62 107 89 40 72 115 12 65 
94 60 78 43 50 38 2 36 79 58 120 9 
60 73 116 40 105 49 69 89 10 98 39 62 
113 76 77 71 95 115 32 3 118 6 94 7 

24 16 82 46 52 64 52 14 5 57 103 73 
96 37 114 72 39 33 40 65 26 69 31 107 
17 72 10 82 50 87 17 106 76 71 37 52 
71 16 53 27 110 22 85 45 35 49 85 15 
110 29 12 1 101 36 117 92 51 8 13 40 
66 100 39 26 17 57 60 79 69 28 67 39 
107 74 72 60 118 92 123 1 35 8 40 89 
123 72 88 64 63 46 55 5 42 15 91 69 
122 88 99 107 116 21 122 100 62 12 109 109 
122 42 44 26 116 120 28 38 75 77 120 56 
108 5 122 56 87 81 3 11 106 6 74 7 
78 4 109 78 105 20 92 52 18 111 124 115 

