budget
7184
per_unit_time_cost_of_each_machine
6 10 13 12 9 
job_processing_time_on_each_machine
45 71 20 10 35 
12 67 64 62 4 
27 8 86 6 63 
73 73 93 86 62 
64 28 89 18 20 
32 60 81 63 33 
71 92 33 92 48 
97 90 73 5 7 
85 48 45 92 97 
23 38 49 98 69 
39 9 41 51 89 
44 78 11 46 43 
per_unit_time_realse_of_each_job
59
61
47
3
19
31
44
37
17
67
2
53
per_unit_setup_time__of_each_machine
60 66 60 47 24 17 4 87 48 51 61 6 
7 74 80 21 11 88 94 70 94 34 32 71 
42 64 32 57 43 6 1 9 25 18 64 67 
49 15 54 72 41 48 92 94 16 11 97 15 
96 97 74 22 57 34 31 55 7 34 78 11 
46 98 33 98 3 11 9 75 91 41 97 60 
84 17 42 37 58 70 88 62 99 18 17 76 
22 97 53 35 81 84 52 69 63 57 54 87 
99 97 5 10 1 14 49 78 67 61 70 17 
54 59 10 72 69 79 16 37 55 89 70 74 
49 42 47 29 84 82 22 69 8 82 24 35 
65 50 33 30 65 32 3 41 64 79 24 24 

40 56 20 28 60 78 62 11 75 83 17 6 
36 80 7 11 3 14 96 35 4 62 85 82 
39 28 19 37 76 34 6 70 29 70 38 95 
76 25 17 49 13 26 71 40 73 47 88 50 
42 84 10 16 71 62 48 83 31 91 61 54 
19 19 41 38 37 90 41 6 74 87 32 72 
95 40 85 89 92 79 54 98 72 38 16 9 
57 58 74 47 67 16 33 63 51 28 19 18 
53 31 57 48 61 22 18 30 45 40 86 39 
19 68 2 37 22 63 20 61 85 51 29 61 
62 38 94 60 69 51 44 83 45 55 73 35 
77 81 88 46 66 86 67 90 16 5 39 21 

4 95 90 48 15 44 80 84 13 43 63 57 
1 77 27 72 71 72 37 1 97 15 73 15 
47 87 74 74 78 74 81 73 14 17 55 61 
36 37 13 49 97 62 20 93 8 91 91 95 
69 39 55 97 33 69 7 7 60 2 21 35 
38 59 54 94 37 60 99 19 76 20 15 58 
85 75 3 27 92 74 64 38 64 57 93 6 
26 87 34 58 65 29 72 44 59 40 94 53 
36 97 70 57 97 88 86 86 23 10 10 40 
83 4 88 55 62 76 79 21 55 9 10 81 
3 17 57 92 43 94 45 90 64 55 72 37 
94 30 39 80 47 35 99 35 48 58 11 74 

59 95 93 67 34 72 99 58 97 64 61 95 
21 95 60 22 55 3 68 39 97 30 89 61 
73 70 87 36 87 5 90 94 31 57 83 84 
9 10 74 45 62 12 33 87 62 14 4 29 
28 56 83 69 70 70 67 17 8 84 50 88 
37 17 96 85 38 50 51 39 59 54 19 67 
92 51 77 26 69 17 47 73 88 81 1 50 
12 30 8 11 35 89 23 63 66 58 5 92 
28 15 60 16 6 31 25 23 67 17 59 90 
79 68 73 79 22 86 62 31 55 85 59 78 
28 45 2 50 80 91 3 30 30 34 31 24 
93 65 92 84 49 95 4 82 62 30 74 51 

2 31 70 80 66 11 78 25 42 57 40 60 
17 77 87 85 59 37 48 94 11 78 35 92 
87 14 93 25 26 59 49 59 85 20 86 90 
50 73 29 28 20 81 50 28 48 71 62 16 
13 5 51 77 75 88 70 59 15 51 74 63 
9 13 9 50 13 4 33 72 38 42 89 39 
82 19 7 10 81 29 43 51 76 60 40 48 
38 12 30 75 48 31 48 63 84 41 73 39 
11 80 85 61 5 78 40 79 42 15 43 82 
59 97 54 97 18 76 74 2 90 60 52 96 
88 23 74 16 64 93 70 16 88 96 87 15 
54 46 76 44 90 65 49 46 58 25 29 25 

