budget
3107
per_unit_time_cost_of_each_machine
5 3 9 9 3 
job_processing_time_on_each_machine
18 18 55 53 36 
74 81 93 21 8 
3 94 28 62 20 
12 51 17 43 8 
81 9 77 72 86 
88 86 22 45 79 
53 8 60 45 2 
25 74 40 20 51 
86 14 36 98 33 
82 75 19 14 32 
per_unit_time_realse_of_each_job
33
50
51
128
126
104
69
94
10
9
per_unit_setup_time__of_each_machine
4 8 4 4 6 1 7 6 3 8 
9 4 6 4 6 6 8 9 7 1 
4 4 3 5 1 5 1 3 9 5 
5 4 4 6 4 4 3 3 7 9 
7 8 8 3 1 8 9 6 7 5 
2 2 6 7 9 8 8 2 7 1 
1 8 8 1 3 9 2 5 9 1 
8 7 7 3 8 4 5 1 4 9 
5 8 3 9 8 1 8 6 9 4 
6 7 9 9 7 2 8 6 6 5 

5 9 8 6 9 4 7 3 1 5 
8 4 5 2 7 3 8 8 4 6 
7 1 8 1 7 3 4 8 6 9 
9 8 7 5 8 3 4 4 2 8 
6 8 5 9 7 8 4 2 6 9 
4 5 4 5 9 6 7 8 4 2 
8 7 6 2 3 8 5 2 3 1 
4 5 9 9 5 2 1 5 8 8 
8 3 4 2 4 9 1 1 6 1 
8 8 2 8 7 7 4 8 9 6 

2 9 9 9 5 5 2 8 9 9 
9 8 3 2 4 3 9 2 8 7 
3 3 5 1 3 7 8 9 2 7 
9 1 8 8 2 3 7 7 4 4 
9 9 7 2 6 6 5 3 1 5 
6 8 8 3 7 3 9 9 1 8 
4 8 9 6 4 1 6 2 6 1 
9 4 9 6 7 3 5 1 2 4 
2 1 3 1 1 9 4 3 8 5 
9 7 2 5 5 5 2 4 7 4 

1 5 8 9 1 3 2 8 3 2 
8 4 2 6 6 1 3 2 5 5 
3 5 7 4 4 5 8 7 6 4 
3 5 7 9 4 7 2 9 6 2 
7 5 6 2 1 6 9 3 9 2 
9 6 2 7 9 1 6 7 2 2 
1 5 4 3 9 8 9 4 3 5 
4 9 2 2 9 9 9 1 3 4 
9 1 4 8 5 1 2 3 7 8 
6 8 4 3 2 5 2 4 2 5 

3 4 4 2 9 1 2 8 8 5 
8 7 3 4 6 6 9 7 6 1 
7 3 3 3 4 6 8 5 9 2 
9 8 7 6 3 1 7 3 8 7 
2 5 5 5 7 8 8 7 1 4 
2 8 8 3 4 4 4 3 4 5 
6 9 4 3 6 9 6 8 3 3 
3 4 4 1 7 8 3 2 3 8 
9 8 3 2 8 9 9 4 8 6 
2 5 2 5 4 6 7 6 3 5 

