budget
2846
per_unit_time_cost_of_each_machine
5 5 6 10 7 
job_processing_time_on_each_machine
50 93 81 7 89 
28 9 60 39 3 
39 29 73 13 79 
69 52 24 44 52 
64 34 3 24 62 
47 5 2 27 74 
9 1 20 62 26 
59 50 80 16 59 
28 41 46 28 33 
98 39 95 49 12 
per_unit_time_realse_of_each_job
31
5
8
10
43
40
44
39
37
33
per_unit_setup_time__of_each_machine
4 52 85 54 98 48 41 15 7 102 
48 32 8 43 43 79 18 73 55 11 
33 76 14 100 85 65 57 78 37 77 
2 14 103 20 80 73 123 62 60 101 
104 58 54 70 28 9 37 101 87 9 
111 35 94 87 100 15 96 90 17 12 
58 33 16 62 119 15 66 11 90 21 
72 67 111 55 62 67 51 6 33 17 
92 89 91 77 48 19 8 70 109 85 
7 119 101 45 90 4 7 26 122 48 

86 68 58 44 44 54 9 2 29 94 
78 6 85 73 20 13 27 104 42 100 
36 46 84 87 84 88 115 82 103 13 
30 94 70 121 121 37 83 83 6 112 
62 73 94 61 66 61 89 72 64 6 
73 93 45 65 8 82 42 65 16 71 
7 35 118 15 24 22 26 49 104 114 
54 59 27 75 97 49 11 101 79 1 
29 89 70 65 96 22 82 98 62 89 
24 20 11 94 79 90 111 8 65 76 

27 123 17 74 70 3 12 78 92 24 
29 116 95 24 60 61 2 21 71 110 
14 72 96 39 43 104 117 116 19 55 
97 86 25 57 114 93 24 31 75 40 
25 43 60 2 59 64 12 28 81 73 
62 75 65 73 3 79 39 14 19 24 
84 6 106 72 32 122 25 33 118 9 
117 104 30 94 124 94 79 46 81 66 
103 43 40 24 99 78 14 56 7 88 
118 70 42 35 109 85 26 120 4 69 

74 26 67 121 119 25 32 96 93 43 
20 88 122 19 1 61 116 93 117 11 
87 38 45 86 61 116 30 21 17 16 
72 81 78 97 9 36 33 92 76 65 
91 90 49 1 52 121 84 58 17 51 
23 103 88 75 105 45 49 62 73 49 
63 89 84 86 57 44 118 7 18 90 
73 8 91 22 15 21 119 41 73 84 
68 92 37 85 12 45 26 22 98 105 
100 120 70 65 29 51 118 109 46 36 

51 68 7 69 8 6 14 21 5 66 
77 34 94 4 86 79 25 14 111 74 
13 97 10 58 80 78 14 108 23 89 
66 87 85 50 65 65 30 11 24 84 
49 22 100 33 99 90 103 83 53 115 
60 23 116 33 9 87 80 49 61 65 
19 52 78 62 114 32 112 103 120 121 
46 78 70 19 65 63 52 120 83 89 
34 84 118 107 12 55 25 56 66 122 
122 19 70 22 77 47 16 46 60 23 

