budget
5492
per_unit_time_cost_of_each_machine
10 6 5 10 15 
job_processing_time_on_each_machine
32 77 15 95 79 
85 51 78 44 73 
49 70 61 58 35 
35 96 15 27 20 
9 16 9 25 22 
54 53 30 45 24 
60 35 19 24 36 
61 17 74 38 55 
8 86 28 47 82 
7 75 7 60 35 
31 40 87 76 8 
93 24 15 17 80 
per_unit_time_realse_of_each_job
86
74
24
34
44
45
6
123
1
136
54
40
per_unit_setup_time__of_each_machine
39 5 20 111 90 55 74 65 37 124 45 4 
91 17 94 96 25 78 27 100 75 76 109 91 
65 94 96 75 123 54 96 106 44 33 92 56 
65 104 80 29 1 109 22 119 60 43 40 6 
60 13 51 20 43 88 96 51 75 51 32 25 
35 74 17 14 71 6 91 40 61 53 102 7 
112 20 110 70 97 29 8 6 40 94 35 69 
25 23 75 98 124 75 53 71 26 28 99 63 
94 33 97 45 43 107 112 89 74 68 2 61 
85 116 87 118 121 76 74 97 81 112 102 40 
85 95 103 54 122 122 4 101 50 101 3 65 
102 121 3 17 18 87 44 1 70 23 36 48 

46 24 72 115 91 15 62 81 63 71 26 4 
13 116 23 124 47 75 68 39 60 24 82 25 
93 101 19 48 38 79 91 115 45 66 58 82 
90 121 98 78 97 26 11 26 76 99 60 1 
93 98 24 98 79 75 49 56 68 71 79 4 
10 35 8 43 56 113 23 28 124 122 55 33 
58 17 113 81 103 79 60 54 119 99 31 108 
52 52 21 50 69 25 33 15 78 36 48 12 
8 110 19 84 23 5 71 39 81 100 108 39 
78 83 106 12 50 38 34 96 27 27 124 95 
60 78 120 115 117 53 114 73 96 64 94 18 
56 23 48 25 111 21 49 34 113 32 46 124 

46 30 124 34 124 29 69 23 87 75 80 98 
73 107 31 116 74 44 49 102 34 103 58 97 
48 27 47 17 75 45 49 12 71 100 22 62 
91 102 37 62 28 103 118 46 80 82 34 116 
116 30 111 92 19 66 87 49 92 52 86 44 
89 107 82 98 77 55 31 76 55 121 42 32 
65 99 120 18 91 121 95 10 15 29 73 28 
17 28 109 3 91 33 54 22 63 93 121 21 
100 76 115 108 117 71 75 117 52 62 101 82 
98 17 14 100 111 21 2 86 37 88 76 113 
4 93 116 25 5 80 3 64 39 34 74 42 
106 76 80 29 25 117 98 66 93 9 36 63 

20 51 26 46 3 55 14 86 64 17 31 72 
83 72 103 9 3 114 53 114 67 58 106 124 
70 16 85 118 16 110 108 63 62 7 53 40 
119 124 57 26 55 20 20 35 96 84 33 63 
88 63 95 101 87 24 92 103 74 70 33 54 
54 95 35 73 16 88 112 112 9 12 40 32 
61 15 82 14 6 28 10 26 38 7 121 69 
37 84 111 120 68 4 67 38 32 9 99 27 
87 123 42 39 40 102 28 74 2 65 61 21 
23 110 40 122 53 35 105 123 104 119 93 81 
77 69 57 58 118 95 70 39 35 36 51 7 
33 115 100 79 33 51 13 113 120 87 58 43 

72 57 57 68 45 56 48 32 17 22 30 78 
84 91 100 91 44 57 36 90 56 62 64 95 
52 41 55 40 20 74 1 33 57 105 9 58 
28 119 56 83 108 86 67 75 46 22 107 5 
6 53 76 26 93 36 88 71 101 70 82 91 
17 109 75 48 50 26 83 39 5 54 115 112 
89 50 34 123 63 94 113 91 52 70 91 61 
68 117 69 69 117 55 82 7 61 92 91 8 
83 73 1 58 59 115 55 29 65 110 6 119 
44 59 93 3 24 37 62 14 4 24 42 54 
60 95 68 122 49 32 29 105 118 2 2 46 
60 18 87 41 69 85 91 4 89 88 96 36 

