budget
1455
per_unit_time_cost_of_each_machine
11 4 5 14 6 
job_processing_time_on_each_machine
81 52 68 14 96 
53 70 31 29 62 
5 35 87 8 30 
5 24 1 36 62 
71 97 48 71 32 
48 84 42 60 4 
7 85 73 9 35 
22 16 53 90 90 
31 89 5 44 48 
18 90 91 44 17 
93 81 99 45 10 
60 89 84 27 19 
per_unit_time_realse_of_each_job
11
1
14
22
12
20
8
17
12
1
18
3
per_unit_setup_time__of_each_machine
80 47 91 45 107 73 90 106 113 33 105 91 
109 56 35 118 14 27 91 115 21 15 90 115 
91 30 18 124 69 91 32 23 3 109 104 25 
19 62 11 4 24 14 93 63 103 37 119 13 
16 5 27 71 8 66 75 85 121 20 111 38 
95 123 74 113 110 82 34 11 119 2 82 58 
112 47 93 124 50 22 37 37 33 29 17 69 
39 69 15 82 113 98 96 120 70 20 109 45 
64 52 54 91 92 68 5 80 13 88 117 90 
16 41 111 95 114 115 77 94 71 38 89 74 
70 100 37 103 36 70 112 47 49 120 27 91 
41 118 30 74 39 41 88 8 48 53 66 90 

26 43 14 118 103 106 123 67 56 58 121 10 
109 30 85 10 66 54 11 96 18 95 117 70 
7 98 124 39 51 42 50 116 90 34 42 68 
23 90 87 90 103 76 17 42 12 18 74 103 
14 95 64 121 120 59 124 43 100 119 31 46 
96 48 106 14 96 6 35 40 44 108 34 57 
52 110 81 71 9 88 120 94 9 25 68 68 
81 2 114 59 3 32 30 66 51 11 84 6 
114 13 2 87 45 26 8 4 82 65 53 16 
68 34 95 61 72 74 61 45 56 96 46 90 
79 57 124 58 44 19 66 60 116 113 75 61 
110 102 69 59 121 99 17 1 46 114 47 115 

2 72 23 113 22 9 85 114 8 47 79 31 
32 60 65 55 100 8 118 110 52 66 116 105 
66 101 64 44 117 111 75 58 31 81 100 40 
65 21 47 12 54 20 93 8 10 54 113 56 
4 20 55 84 70 9 35 26 116 4 103 110 
104 108 84 95 108 103 35 13 64 69 76 11 
78 97 95 122 23 6 78 39 68 23 37 74 
36 46 104 79 100 22 110 98 84 35 90 29 
116 92 39 80 35 15 87 56 91 3 109 89 
61 70 31 7 66 80 93 118 19 103 96 88 
56 41 5 37 119 55 5 69 123 39 53 123 
71 120 114 98 69 60 11 44 38 83 6 28 

112 47 11 28 70 95 18 92 118 79 84 106 
64 48 73 50 102 100 85 4 119 21 111 83 
113 106 21 108 66 62 53 19 5 8 79 33 
65 26 28 44 41 38 118 27 100 106 30 89 
112 35 50 7 79 56 119 55 70 48 54 76 
47 109 89 80 6 115 92 101 20 16 48 47 
106 109 105 40 46 1 35 117 89 112 30 93 
112 3 106 91 92 110 31 41 91 10 21 2 
2 96 40 27 24 53 28 54 124 55 107 91 
106 121 21 67 57 107 11 81 17 33 59 79 
55 91 64 110 34 39 55 46 1 59 37 60 
84 29 118 16 91 54 97 45 124 102 96 27 

101 120 114 28 42 93 48 2 76 81 113 36 
98 94 45 35 99 28 112 123 5 105 26 74 
124 105 55 69 53 100 108 24 52 99 59 98 
12 65 39 65 22 115 82 23 57 94 21 14 
53 99 113 1 5 31 10 120 118 60 56 124 
8 48 81 87 114 100 6 66 46 68 81 3 
6 49 66 102 2 15 93 27 78 4 76 54 
102 20 65 77 93 123 29 69 29 88 90 27 
20 28 119 101 24 62 58 21 43 59 103 78 
102 13 85 25 106 40 44 5 104 121 114 58 
61 102 123 82 73 77 108 61 29 45 101 10 
58 91 26 107 85 21 111 14 72 48 87 116 

