budget
2034
per_unit_time_cost_of_each_machine
10 15 15 12 3 
job_processing_time_on_each_machine
17 78 56 54 44 
20 32 9 98 23 
53 47 69 74 49 
85 57 59 43 48 
42 53 33 40 83 
93 94 98 11 4 
61 52 95 68 45 
59 54 14 98 83 
63 30 22 76 69 
58 19 92 47 78 
per_unit_time_realse_of_each_job
83
32
90
88
3
88
91
67
105
80
per_unit_setup_time__of_each_machine
46 42 47 18 45 12 6 33 12 25 
35 8 23 23 4 34 15 14 42 33 
2 15 28 34 7 29 40 49 37 11 
11 33 23 10 26 5 33 7 44 17 
8 12 8 13 3 43 39 43 19 46 
12 27 7 4 27 17 33 25 30 21 
23 30 4 4 40 10 34 22 8 23 
22 20 43 46 28 18 30 4 40 4 
23 5 34 36 48 19 2 26 3 33 
12 8 38 45 36 49 2 5 29 6 

39 24 46 7 39 20 29 44 35 43 
37 21 29 8 47 40 20 43 23 8 
2 36 15 45 37 7 20 49 30 20 
5 19 27 1 2 27 28 3 24 40 
33 23 46 11 32 28 46 20 25 31 
12 36 27 30 11 43 22 48 38 2 
7 23 5 22 34 48 7 20 46 17 
42 40 27 37 17 14 11 15 28 16 
11 46 47 6 45 14 46 25 39 36 
22 20 18 11 31 2 49 35 40 7 

38 2 15 42 15 3 36 43 13 46 
30 35 45 38 9 15 30 14 16 47 
5 1 1 1 49 17 34 32 37 3 
18 4 18 22 6 6 49 17 28 18 
7 28 35 19 13 1 46 8 12 9 
26 22 16 23 26 34 28 5 12 45 
14 24 26 43 46 21 6 37 43 29 
36 47 5 5 26 9 37 36 11 8 
28 20 41 17 19 14 49 5 14 27 
12 30 46 5 28 14 38 43 14 21 

40 43 40 2 3 37 20 44 42 7 
11 44 1 19 5 18 35 24 32 47 
1 40 4 32 28 27 43 25 8 40 
27 40 3 48 22 38 3 4 9 29 
40 47 18 26 7 30 46 18 4 6 
44 11 13 40 31 9 3 28 4 26 
35 13 40 39 30 43 6 25 17 5 
28 29 9 12 13 35 44 8 9 1 
35 42 19 31 45 39 19 33 42 43 
16 48 23 38 48 26 35 35 42 34 

47 11 31 35 23 17 13 17 44 32 
30 46 7 39 23 15 26 12 48 13 
19 4 7 18 42 1 5 7 8 16 
29 31 47 19 25 45 14 45 18 48 
44 11 24 13 20 23 24 49 28 3 
16 19 29 11 3 16 35 10 48 24 
26 36 25 36 22 15 19 15 10 31 
18 16 3 43 2 44 41 31 45 28 
6 29 45 34 35 15 3 16 13 26 
5 12 31 29 48 42 37 28 42 6 

