budget
2289
per_unit_time_cost_of_each_machine
15 11 13 5 12 
job_processing_time_on_each_machine
40 81 53 81 23 
70 87 88 94 15 
92 35 48 24 93 
17 45 31 10 74 
12 68 52 93 64 
86 7 55 28 99 
47 59 60 69 89 
75 77 57 14 41 
68 25 71 39 14 
5 13 11 77 72 
29 4 7 80 61 
29 94 14 83 24 
per_unit_time_realse_of_each_job
2
10
30
46
7
16
15
34
5
27
59
51
per_unit_setup_time__of_each_machine
46 8 10 18 27 27 23 46 45 48 19 38 
3 21 39 33 38 6 14 36 27 21 23 39 
47 19 25 27 25 21 32 36 37 16 44 45 
11 13 49 17 11 27 10 26 13 20 42 6 
13 32 40 22 2 44 22 8 30 36 13 21 
41 10 3 33 11 21 26 23 31 27 13 15 
9 17 42 19 41 27 43 14 19 37 14 34 
23 30 12 31 44 19 21 34 21 9 42 17 
8 38 33 3 3 18 1 20 44 2 35 48 
16 37 9 12 5 9 1 6 47 35 31 24 
5 34 47 18 27 17 20 27 49 7 46 5 
9 28 34 12 34 29 6 41 4 43 34 29 

35 24 31 8 1 23 23 14 10 20 6 40 
13 31 48 36 19 39 44 44 32 42 31 39 
42 44 13 36 25 7 49 2 43 47 25 16 
10 25 49 41 29 5 23 42 1 14 47 17 
46 26 11 12 18 2 3 4 28 7 14 49 
6 17 40 41 27 41 14 30 12 42 23 40 
13 4 16 13 49 33 33 8 13 28 41 17 
20 16 16 20 4 12 8 15 4 46 39 24 
2 18 44 35 39 5 32 10 12 30 36 45 
5 40 41 47 30 46 31 29 39 25 12 43 
25 17 5 44 49 23 36 31 13 4 38 21 
15 37 27 49 9 48 4 12 46 2 25 8 

38 43 29 26 3 24 47 32 13 42 30 22 
24 17 38 43 34 9 32 28 16 8 1 26 
14 46 26 47 41 41 37 46 9 5 22 7 
32 16 40 23 19 33 35 6 3 18 13 48 
43 8 37 42 36 2 16 45 31 12 20 29 
28 3 22 12 26 17 35 17 1 9 38 42 
11 44 33 35 1 8 20 8 12 25 43 18 
25 49 32 16 42 9 24 38 19 8 30 43 
9 16 20 1 26 40 10 7 33 45 28 9 
16 26 29 12 2 33 3 10 47 12 3 2 
47 36 32 16 48 12 48 47 26 2 29 33 
13 31 30 36 2 5 26 12 20 19 30 18 

17 5 29 17 12 41 14 27 47 18 20 37 
1 35 43 17 16 44 4 25 3 30 44 1 
21 28 5 11 6 44 30 45 39 25 28 37 
26 46 7 23 27 4 24 48 31 20 28 2 
7 6 23 34 47 44 21 15 15 32 24 8 
31 26 20 34 45 30 43 24 47 33 21 10 
35 5 10 33 19 13 33 25 32 7 45 37 
32 36 5 44 8 48 39 49 24 23 36 7 
13 27 30 5 6 21 39 47 25 42 15 4 
42 4 13 4 17 7 38 35 18 24 4 41 
32 29 11 18 22 4 23 45 13 14 23 27 
39 12 41 37 31 29 32 10 25 25 37 29 

3 26 37 1 47 6 17 4 34 39 49 5 
39 5 41 19 46 23 18 11 49 39 34 42 
38 24 39 46 30 42 37 13 25 48 49 37 
4 11 40 6 31 24 29 46 20 18 26 12 
7 24 36 23 10 29 2 45 16 23 19 43 
4 49 24 39 31 45 49 34 28 38 26 32 
1 46 48 15 36 5 41 38 1 39 4 1 
17 38 5 18 21 12 15 2 37 22 29 10 
28 22 1 41 33 16 22 40 31 21 47 4 
19 41 12 49 30 12 8 14 40 7 25 45 
15 37 23 29 15 30 5 5 14 37 15 40 
33 17 10 23 36 38 18 24 48 40 5 39 

