budget
2051
per_unit_time_cost_of_each_machine
8 14 5 12 11 
job_processing_time_on_each_machine
92 43 13 66 78 
21 23 57 96 20 
64 34 44 19 47 
66 47 54 43 44 
88 99 42 38 84 
49 64 93 15 76 
7 50 35 34 99 
81 52 67 74 69 
97 24 3 70 86 
17 19 32 98 22 
per_unit_time_realse_of_each_job
103
91
81
55
120
107
25
6
28
3
per_unit_setup_time__of_each_machine
40 14 34 27 21 23 33 30 11 32 
26 10 36 12 1 43 23 17 14 7 
29 7 19 5 16 41 31 12 18 25 
48 33 18 31 19 23 32 44 35 36 
28 18 28 40 17 27 34 23 20 36 
16 18 35 35 36 8 47 15 27 30 
33 3 32 29 8 8 16 40 22 16 
45 1 36 33 17 23 43 46 6 28 
3 28 16 31 24 15 42 29 12 17 
47 27 14 46 40 17 42 2 43 9 

7 34 45 41 25 8 30 44 7 46 
3 33 24 48 1 35 42 2 34 14 
24 43 7 22 36 8 37 14 13 31 
13 31 27 25 9 27 4 12 18 42 
21 6 14 3 45 25 13 13 27 1 
20 27 32 43 44 39 28 3 19 13 
13 19 22 22 47 49 10 22 10 15 
49 13 13 28 9 7 47 2 48 4 
35 29 49 33 28 17 20 41 27 38 
29 18 32 34 48 29 23 44 7 40 

1 42 21 28 45 19 42 42 26 22 
3 35 29 46 12 19 36 39 3 25 
35 8 46 29 14 29 36 25 42 14 
14 28 2 4 15 42 33 25 41 3 
36 10 17 29 2 10 49 32 33 27 
41 24 15 6 8 10 45 13 42 7 
45 11 20 23 44 25 10 36 49 3 
27 28 47 45 3 24 36 18 20 8 
29 33 28 20 41 16 22 3 33 12 
14 26 9 37 9 19 4 17 33 35 

22 36 45 48 28 43 18 36 16 44 
35 13 26 34 28 42 28 23 16 20 
15 2 3 16 9 13 34 20 22 35 
4 29 35 48 46 13 22 38 20 1 
37 38 42 41 31 16 13 28 48 14 
7 13 8 38 1 49 46 45 25 19 
11 17 6 12 28 39 45 8 32 6 
10 42 18 27 36 7 49 44 16 44 
27 36 4 38 34 34 13 5 10 28 
5 42 13 44 37 11 36 34 35 3 

4 33 48 41 39 11 20 21 48 30 
40 36 12 43 37 46 39 13 12 26 
24 46 6 13 14 21 3 15 33 8 
24 6 1 15 17 45 46 43 41 35 
19 17 49 40 14 37 49 1 30 37 
45 13 2 34 6 5 6 7 16 8 
17 3 11 46 4 2 21 30 32 31 
36 20 4 18 14 47 19 19 39 45 
49 31 41 19 29 4 43 37 45 6 
24 1 22 33 32 41 2 25 33 25 

