budget
1592
per_unit_time_cost_of_each_machine
7 13 12 6 6 
job_processing_time_on_each_machine
63 58 74 17 89 
94 93 63 76 36 
1 19 65 51 76 
32 91 28 9 27 
52 29 21 80 50 
77 78 8 44 57 
3 80 53 34 88 
10 29 71 27 98 
54 78 74 99 78 
41 29 1 45 69 
per_unit_time_realse_of_each_job
5
124
108
14
160
9
121
49
109
150
per_unit_setup_time__of_each_machine
11 86 44 70 8 96 74 5 56 96 
106 32 16 59 65 34 99 117 109 27 
103 75 60 45 60 43 4 12 53 89 
18 22 83 50 112 109 14 57 115 20 
81 70 121 92 5 26 97 110 37 110 
56 83 5 43 32 84 28 110 120 72 
14 54 75 100 70 87 16 89 8 64 
17 46 22 18 14 112 32 82 17 70 
62 4 4 29 5 38 102 110 65 41 
38 106 45 47 96 22 63 52 105 63 

25 16 29 54 96 17 3 39 105 21 
41 19 85 104 76 57 93 71 118 119 
97 31 14 96 89 83 69 88 10 107 
94 114 70 7 35 33 94 104 74 38 
10 113 80 109 62 112 109 82 68 6 
60 122 3 112 50 22 26 36 105 87 
123 63 93 111 110 108 107 51 72 29 
84 61 1 81 112 43 86 10 111 49 
7 59 32 88 76 96 100 19 45 33 
109 7 67 64 104 17 17 59 12 67 

35 98 29 27 46 84 87 66 44 108 
114 61 105 50 53 60 94 3 81 40 
81 117 81 43 13 95 1 105 3 8 
115 117 62 78 20 104 47 20 86 102 
24 64 105 67 90 119 24 39 4 34 
54 37 98 94 57 123 26 102 42 123 
89 23 37 42 121 72 99 30 30 68 
9 58 31 113 2 78 62 74 33 72 
75 7 96 25 120 87 109 41 84 54 
47 66 46 56 56 98 101 54 12 98 

18 76 67 42 84 82 51 43 22 71 
84 68 121 79 62 20 76 104 97 7 
30 103 42 87 107 96 52 92 25 19 
120 47 60 88 18 59 59 41 53 102 
61 91 121 15 68 118 102 103 13 5 
40 93 53 18 37 29 6 81 67 5 
85 51 119 19 110 32 20 97 32 21 
80 50 116 88 31 8 36 113 18 106 
8 66 87 80 19 121 38 109 2 112 
115 112 21 70 36 62 59 92 86 3 

28 46 3 119 53 31 80 99 63 10 
32 108 12 103 50 11 115 46 35 46 
8 22 89 54 50 116 105 105 40 28 
108 18 54 8 28 78 50 81 70 45 
111 63 109 102 1 97 57 7 105 39 
40 29 30 81 77 78 123 65 84 44 
123 13 46 21 7 43 69 99 63 96 
30 86 60 82 48 43 107 98 116 84 
110 122 27 29 99 79 107 105 49 65 
62 86 95 69 79 37 42 123 59 77 

