budget
2411
per_unit_time_cost_of_each_machine
12 6 9 8 5 
job_processing_time_on_each_machine
40 29 83 56 84 
50 93 41 31 4 
93 49 1 51 78 
29 24 21 51 49 
79 85 28 15 76 
89 97 32 99 17 
61 12 43 63 34 
34 42 39 96 72 
45 30 32 5 25 
62 84 91 74 98 
96 58 84 93 79 
81 44 69 42 88 
per_unit_time_realse_of_each_job
112
232
226
69
184
32
222
108
175
162
49
131
per_unit_setup_time__of_each_machine
15 12 20 19 3 35 39 9 41 24 22 35 
4 18 37 15 17 39 21 22 15 12 27 27 
40 15 1 5 27 4 46 5 14 40 34 43 
33 22 39 48 19 49 46 8 42 6 46 21 
44 44 3 13 45 12 46 29 12 33 5 36 
47 34 26 4 42 24 13 18 38 5 46 26 
20 8 2 11 49 49 36 40 23 47 43 47 
42 34 37 15 26 4 29 31 22 41 26 48 
31 39 33 24 2 8 15 34 13 3 27 16 
49 35 6 24 28 35 38 42 36 38 44 36 
46 6 14 2 29 7 19 41 48 48 37 17 
11 24 4 22 35 9 27 42 45 10 39 2 

27 11 16 5 46 41 22 38 20 5 16 49 
15 40 49 16 13 44 21 28 49 21 12 44 
19 13 11 8 22 15 9 9 35 6 6 2 
1 8 23 11 39 10 10 2 13 27 2 48 
32 7 1 24 36 37 34 35 28 19 29 32 
23 15 18 13 11 3 42 12 35 26 10 36 
4 42 47 41 45 23 5 8 18 34 30 35 
5 7 2 26 11 30 24 46 37 19 33 11 
19 24 28 40 44 27 8 40 22 17 26 10 
47 6 47 21 15 26 9 39 39 47 43 14 
8 19 31 31 9 8 45 44 35 22 19 17 
15 3 48 4 44 24 17 5 32 47 8 44 

2 46 36 4 14 13 12 38 33 34 39 5 
19 48 42 47 38 24 12 18 31 42 16 2 
31 44 25 12 11 31 22 27 24 4 34 33 
14 13 19 35 42 38 29 45 25 4 21 12 
30 14 34 24 43 5 16 28 35 26 46 17 
36 1 24 13 48 2 35 14 4 33 13 42 
37 36 22 46 46 43 15 32 32 12 18 36 
29 45 1 20 33 39 41 19 37 28 46 37 
14 28 42 15 45 1 27 33 40 10 34 37 
21 23 43 36 11 19 49 32 15 6 35 20 
6 27 28 15 41 2 8 44 39 46 38 49 
7 17 44 20 17 4 32 45 44 19 35 44 

49 22 17 40 16 34 18 49 4 18 39 3 
4 36 49 44 37 10 21 19 4 41 30 23 
42 45 4 48 18 41 8 32 5 17 15 23 
13 2 9 16 12 31 12 27 20 13 46 17 
8 14 29 37 15 31 3 44 23 13 24 2 
4 36 47 7 28 23 6 20 47 13 30 2 
21 39 26 37 9 3 38 21 39 15 46 19 
10 2 46 16 22 20 1 30 42 43 41 20 
39 36 3 31 40 18 24 12 6 18 27 3 
17 3 34 47 9 2 33 39 23 39 25 48 
35 27 30 1 24 38 47 27 28 22 40 8 
49 28 32 29 10 45 41 43 17 17 42 32 

9 26 18 48 47 39 24 25 5 20 17 13 
27 17 13 2 18 22 41 24 9 48 32 9 
21 27 10 6 32 34 8 26 3 30 33 20 
45 8 48 7 42 12 42 43 9 11 17 3 
2 15 45 19 30 22 24 44 36 8 30 10 
25 15 33 26 26 22 39 30 26 45 43 24 
41 42 30 7 24 33 14 25 29 48 49 2 
35 33 7 40 10 37 15 36 10 27 35 22 
45 35 17 39 41 12 36 49 2 44 8 40 
7 45 4 26 20 46 15 35 14 6 38 2 
39 42 7 30 13 11 38 19 8 23 34 35 
28 40 40 15 45 26 34 7 15 42 12 41 

