budget
2678
per_unit_time_cost_of_each_machine
13 4 11 13 15 
job_processing_time_on_each_machine
38 92 84 50 59 
94 24 2 10 73 
28 72 48 63 29 
19 57 60 37 68 
69 99 9 19 23 
19 35 31 83 22 
41 65 23 85 61 
85 90 95 3 12 
42 78 55 37 85 
6 48 73 19 35 
29 66 79 69 67 
31 20 96 27 52 
per_unit_time_realse_of_each_job
20
29
91
80
115
46
15
62
61
94
107
46
per_unit_setup_time__of_each_machine
4 9 8 5 1 1 6 3 7 9 8 1 
8 5 9 4 4 2 3 7 1 3 9 6 
7 4 4 6 9 9 9 9 7 9 6 4 
2 5 8 4 8 2 7 4 3 6 2 3 
8 2 3 9 5 5 6 5 5 4 9 6 
1 6 1 4 1 2 6 4 6 5 4 2 
1 3 6 3 3 7 9 8 6 3 9 7 
1 9 9 2 8 3 3 1 7 7 6 4 
5 8 3 9 2 9 9 6 7 9 9 3 
3 2 1 9 6 6 6 7 7 8 5 7 
2 9 9 2 5 7 3 4 3 2 6 4 
8 8 7 2 4 6 4 8 8 5 6 6 

8 2 7 4 7 2 4 8 3 1 7 6 
9 3 4 9 3 2 8 5 8 7 5 8 
9 5 7 4 5 6 7 3 8 7 1 3 
9 7 5 2 4 6 7 6 2 4 2 6 
7 2 6 7 7 3 6 4 1 6 3 1 
7 5 8 2 4 8 3 9 7 1 6 4 
2 6 3 8 9 2 2 3 1 9 5 7 
2 3 3 9 2 7 7 7 4 9 6 8 
1 9 5 2 6 5 5 1 6 6 2 4 
3 4 8 2 5 6 2 2 4 1 3 1 
8 3 9 7 3 1 7 5 3 1 6 4 
7 3 6 8 2 2 6 4 3 6 1 5 

2 2 8 6 7 3 2 9 6 8 9 6 
8 4 8 8 2 2 2 4 3 2 9 6 
6 3 8 8 1 3 7 5 1 3 3 8 
1 5 6 5 6 4 7 1 7 6 2 3 
4 8 3 8 4 1 8 1 3 4 5 8 
6 6 9 4 6 8 9 6 6 1 8 8 
2 7 8 6 2 8 6 4 8 7 8 6 
2 3 1 8 7 6 9 5 6 3 1 5 
1 9 2 6 5 2 9 9 1 7 3 9 
7 3 6 5 8 9 4 5 5 1 3 9 
2 4 2 1 9 2 2 1 6 9 8 5 
4 5 3 8 8 8 2 6 4 6 7 6 

1 6 9 1 1 5 5 8 1 3 1 6 
4 6 1 6 7 7 2 5 1 8 2 7 
8 1 9 5 4 7 6 8 7 5 5 5 
7 5 5 9 9 1 7 4 5 1 4 3 
3 8 4 1 3 7 3 7 3 8 7 3 
8 7 7 4 4 2 3 3 1 4 6 9 
5 9 3 8 6 4 1 8 4 9 2 4 
5 4 5 9 6 6 5 7 4 9 5 3 
8 2 5 6 6 9 2 7 3 5 4 9 
2 6 8 3 8 2 3 2 4 6 6 7 
9 1 4 7 3 5 6 9 7 4 1 3 
9 1 8 2 3 3 3 2 5 1 2 6 

7 6 4 4 3 7 7 1 3 7 8 8 
8 8 5 5 6 1 2 4 1 7 1 5 
9 5 9 1 8 4 4 7 4 2 7 3 
5 7 2 6 4 6 7 3 1 6 4 3 
7 6 1 8 6 6 8 5 5 2 2 6 
3 7 9 7 8 4 3 4 1 4 4 3 
4 6 2 6 4 2 2 5 6 8 4 5 
7 5 8 6 9 1 9 5 7 9 4 8 
2 7 4 2 4 5 7 6 9 5 5 1 
3 7 5 5 4 7 6 7 1 3 6 4 
2 2 4 2 2 7 5 8 3 3 6 5 
3 4 1 8 8 8 5 4 9 9 9 8 

