budget
7077
per_unit_time_cost_of_each_machine
15 7 8 13 6 
job_processing_time_on_each_machine
64 61 66 78 86 
92 36 28 14 13 
62 88 87 90 17 
74 34 1 85 54 
11 6 5 80 25 
56 62 27 91 43 
15 71 76 17 38 
92 3 94 58 92 
56 89 91 32 75 
62 36 87 67 47 
31 13 9 35 42 
14 7 71 87 27 
per_unit_time_realse_of_each_job
18
69
51
59
71
70
50
43
54
42
51
26
per_unit_setup_time__of_each_machine
52 124 39 77 104 66 47 97 124 4 116 72 
82 66 121 103 69 32 38 74 7 119 15 106 
87 124 27 9 38 15 78 92 100 122 2 73 
30 37 64 110 3 80 55 54 108 19 101 43 
44 89 111 20 116 32 122 35 50 16 66 113 
16 70 29 93 123 43 35 14 117 2 5 49 
104 110 15 39 20 31 35 107 74 86 75 114 
42 15 37 122 86 122 17 20 40 82 47 6 
83 118 115 13 36 112 101 71 30 75 64 111 
43 59 122 99 105 104 64 110 41 19 4 15 
53 43 64 119 36 4 81 75 62 93 104 48 
72 120 112 26 15 94 64 66 48 58 98 111 

55 22 76 123 16 28 45 51 121 47 124 16 
70 107 85 116 93 12 36 97 29 25 110 119 
77 28 17 68 53 81 35 59 33 49 22 17 
49 92 122 112 95 109 64 89 107 68 2 49 
84 60 111 30 107 16 68 3 85 120 58 85 
32 116 34 19 122 96 111 80 22 8 67 28 
95 2 72 116 102 34 120 110 74 65 103 29 
90 1 17 84 67 15 28 49 74 30 6 48 
8 32 1 100 88 75 18 5 89 13 41 59 
93 87 100 52 109 26 86 44 61 75 49 4 
26 85 25 72 71 64 15 56 93 52 110 106 
107 62 113 109 20 11 62 117 10 3 97 65 

19 116 47 25 34 26 5 122 32 97 39 102 
27 85 30 84 10 117 62 84 55 116 52 7 
86 99 83 50 86 55 47 43 13 26 51 35 
71 108 63 97 95 56 102 52 61 118 106 61 
47 115 112 83 51 39 25 91 81 54 97 13 
17 51 7 8 119 85 81 70 69 14 30 91 
80 9 73 12 95 34 83 13 96 41 64 48 
21 7 70 44 58 44 106 96 75 78 60 26 
88 48 101 118 8 3 43 59 7 117 8 3 
39 14 106 74 81 124 106 9 59 45 62 60 
9 64 5 6 120 9 102 107 54 92 28 99 
103 49 28 117 120 59 39 10 42 118 38 103 

89 51 99 56 6 53 2 58 57 67 71 95 
91 119 26 117 87 37 36 81 67 68 88 113 
78 120 95 103 88 93 111 60 117 23 38 19 
33 54 5 30 112 20 6 59 77 5 63 83 
48 58 8 64 33 9 16 59 43 44 82 68 
84 64 90 72 77 39 119 96 82 45 35 68 
56 124 81 83 58 66 69 73 21 72 17 72 
123 100 67 35 85 86 19 84 88 122 46 57 
37 84 55 14 115 81 112 121 90 70 116 1 
38 87 21 71 62 70 93 89 77 72 25 9 
97 54 23 15 18 20 47 34 9 6 124 16 
86 99 5 79 14 123 36 78 9 100 77 101 

15 33 91 4 61 1 78 50 98 114 104 28 
31 37 65 123 104 100 69 96 57 35 69 63 
4 39 88 74 14 44 88 71 39 48 31 3 
101 57 39 16 82 43 97 37 87 22 73 20 
4 123 99 113 84 72 100 77 119 53 37 86 
23 108 19 21 19 96 106 23 95 98 55 24 
79 40 7 9 14 70 34 49 75 62 72 107 
89 87 75 10 112 45 93 76 90 47 24 63 
63 81 51 21 109 108 58 47 31 70 1 28 
27 94 101 111 102 110 103 18 102 111 93 36 
83 68 46 34 7 54 94 101 3 110 50 11 
111 12 97 91 68 56 79 18 120 98 16 48 

