budget
4324
per_unit_time_cost_of_each_machine
10 6 3 3 11 
job_processing_time_on_each_machine
89 88 30 78 11 
49 76 70 2 85 
4 68 74 33 55 
62 51 4 98 77 
33 27 14 39 81 
30 8 71 26 71 
42 66 47 6 92 
12 63 82 52 46 
57 93 83 28 68 
31 24 57 9 86 
per_unit_time_realse_of_each_job
60
96
41
13
25
115
59
103
20
76
per_unit_setup_time__of_each_machine
7 1 4 6 9 6 2 3 8 9 
4 5 7 6 6 9 1 7 6 6 
9 4 6 5 1 1 4 2 6 3 
9 9 4 2 4 4 9 3 3 9 
1 3 3 6 7 9 8 8 6 9 
9 4 4 5 6 9 2 9 3 5 
3 6 1 8 9 8 4 7 6 6 
8 9 4 5 7 4 9 3 1 8 
6 4 7 9 3 5 3 1 4 5 
8 6 3 2 6 4 6 8 4 9 

6 2 2 9 2 9 6 6 2 1 
2 1 2 5 1 9 7 4 8 1 
8 5 8 1 7 2 8 6 8 8 
7 8 5 6 2 3 6 1 2 3 
3 3 1 4 1 7 8 5 6 8 
2 9 2 6 8 7 9 8 5 5 
2 5 4 1 8 9 7 3 5 3 
7 6 2 7 6 4 8 5 9 9 
5 3 3 6 7 4 5 5 3 8 
5 9 5 6 6 1 4 8 7 6 

1 3 6 1 5 1 3 4 4 5 
1 6 8 9 7 6 4 1 3 2 
1 1 1 3 6 6 2 9 8 7 
9 3 8 3 1 5 1 3 1 7 
5 1 7 7 4 6 4 2 9 8 
5 2 4 3 4 9 6 9 9 8 
4 3 2 4 8 2 7 9 9 5 
1 2 5 9 5 1 8 8 8 5 
6 1 3 6 8 7 4 1 7 9 
6 6 8 9 8 7 1 2 1 8 

4 4 1 6 8 5 8 6 2 9 
7 6 5 3 1 5 5 1 7 3 
3 7 9 7 9 3 4 9 3 4 
7 6 5 9 1 4 5 6 3 3 
6 8 4 3 1 5 6 6 5 5 
6 6 9 1 4 4 6 9 4 3 
2 1 5 5 1 4 7 9 6 8 
7 7 4 9 1 7 8 5 3 6 
3 8 3 2 2 9 5 9 1 5 
8 9 2 3 1 4 6 6 7 2 

6 8 6 8 9 9 1 5 3 5 
6 6 1 3 7 5 2 3 4 3 
5 8 2 7 5 2 1 9 9 6 
4 3 5 4 9 5 8 6 6 4 
5 2 5 1 8 7 9 2 6 2 
7 1 3 5 4 5 3 2 8 7 
1 6 6 6 4 3 6 1 9 7 
7 6 4 9 7 6 2 7 9 4 
7 4 2 7 3 4 6 6 4 5 
1 1 1 6 3 7 5 3 5 3 

