budget
7451
per_unit_time_cost_of_each_machine
10 15 13 4 15 
job_processing_time_on_each_machine
95 61 65 91 41 
29 43 38 86 44 
95 24 62 34 28 
38 33 46 55 16 
3 80 36 25 78 
40 89 11 87 22 
19 98 81 7 17 
73 70 59 78 34 
56 84 75 44 55 
81 39 83 65 4 
6 95 53 98 47 
74 45 17 73 59 
per_unit_time_realse_of_each_job
17
1
2
6
5
17
4
3
1
19
21
16
per_unit_setup_time__of_each_machine
50 78 41 17 89 24 45 88 88 1 97 69 
48 13 13 66 1 100 56 90 26 90 80 22 
105 105 56 87 54 46 121 27 82 122 13 35 
23 6 124 108 62 64 39 93 108 72 115 101 
5 88 74 45 34 68 77 4 12 80 37 84 
38 46 25 24 24 106 48 108 12 81 7 9 
45 2 34 10 41 99 28 86 43 11 24 10 
114 18 113 105 53 46 32 115 107 113 64 39 
80 23 118 52 97 49 115 53 32 58 3 104 
8 29 107 72 92 99 57 59 117 82 25 110 
9 39 96 18 1 104 25 95 95 124 64 71 
97 79 102 105 92 121 72 115 104 42 35 116 

115 7 104 34 84 56 94 59 55 13 92 122 
114 26 75 33 57 86 92 53 25 90 66 37 
97 89 26 54 26 67 66 95 61 20 59 112 
119 10 78 56 5 30 94 59 31 71 24 41 
93 123 59 57 104 58 81 93 58 124 106 78 
122 123 55 103 82 97 117 85 13 78 59 25 
35 101 73 73 87 55 87 95 36 29 98 104 
7 84 17 1 96 58 46 84 119 10 22 24 
1 22 2 44 27 108 32 17 58 95 29 23 
88 71 88 51 46 76 19 110 118 15 57 76 
6 73 44 17 26 52 27 124 67 120 82 103 
48 6 92 30 94 19 106 71 118 54 75 16 

21 82 36 11 76 35 24 23 97 123 38 36 
38 42 78 45 75 13 5 112 29 114 69 62 
118 13 40 55 50 29 44 108 92 65 7 43 
81 48 60 78 12 108 90 96 104 19 3 93 
58 115 95 72 78 23 14 58 62 109 120 20 
96 47 123 69 97 25 38 57 27 51 4 77 
124 62 63 20 79 112 106 14 123 42 113 31 
54 6 19 58 120 104 96 2 95 4 16 88 
13 64 8 22 19 64 16 80 17 7 124 117 
8 43 79 29 119 45 117 120 97 114 124 77 
69 113 57 24 47 8 116 13 83 24 37 78 
108 105 76 118 94 66 35 3 26 31 119 81 

93 108 72 89 8 115 65 72 76 52 115 100 
42 12 113 71 8 64 53 77 32 68 112 45 
96 36 103 90 26 37 120 60 82 11 27 108 
55 25 86 8 11 2 35 16 18 119 76 28 
63 17 40 79 87 28 124 87 90 96 44 2 
84 119 79 12 74 11 84 62 37 73 3 35 
74 26 99 105 35 117 118 118 45 6 66 35 
46 25 56 45 65 6 122 6 91 80 97 114 
12 7 93 7 39 82 76 65 46 12 29 39 
66 43 105 58 13 107 39 111 25 100 81 62 
28 2 69 16 4 124 124 82 105 31 20 115 
112 121 110 76 35 49 32 5 110 116 107 92 

44 4 47 81 11 8 97 12 64 57 105 90 
118 52 30 72 112 72 11 81 93 36 39 111 
40 52 91 57 80 116 70 35 78 14 14 118 
120 30 109 17 56 58 42 120 82 123 1 55 
26 93 17 119 66 77 89 93 78 9 64 113 
72 72 112 53 98 32 44 101 70 40 98 82 
29 2 25 84 39 5 47 45 75 106 109 55 
118 24 26 47 120 17 106 50 29 67 104 124 
109 91 49 28 67 4 50 123 119 19 68 69 
10 46 63 84 34 103 9 50 57 87 32 93 
123 119 57 76 80 61 86 49 34 17 58 65 
107 102 91 32 41 71 24 90 111 3 13 101 

