budget
4053
per_unit_time_cost_of_each_machine
6 11 11 5 10 
job_processing_time_on_each_machine
72 7 44 19 57 
46 29 87 69 79 
59 10 92 4 35 
36 36 50 48 7 
93 37 90 48 50 
82 18 9 36 8 
22 1 24 37 20 
57 9 39 13 87 
50 6 42 65 4 
20 83 72 48 94 
per_unit_time_realse_of_each_job
30
42
7
22
27
45
10
17
31
19
per_unit_setup_time__of_each_machine
111 60 53 28 97 56 53 19 1 102 
64 108 65 64 17 112 35 104 91 28 
72 94 67 85 4 60 50 9 114 109 
5 111 21 33 104 58 61 64 73 32 
41 85 11 81 25 37 47 84 92 59 
77 30 68 62 26 40 101 41 20 63 
55 115 103 91 75 4 115 78 99 14 
42 95 1 79 67 93 121 34 70 66 
29 31 10 66 59 69 101 74 77 62 
68 69 76 101 34 64 105 76 89 57 

103 87 78 10 107 25 84 42 24 87 
28 85 16 49 31 32 26 38 61 80 
80 31 45 83 20 108 29 102 93 45 
58 61 1 106 7 68 52 46 3 79 
32 121 60 41 55 49 31 44 120 33 
61 4 89 11 75 73 17 100 13 54 
33 81 19 43 33 36 64 89 108 115 
42 116 11 48 11 102 46 122 83 47 
120 107 113 3 46 67 66 19 45 88 
116 70 39 41 91 60 74 12 70 9 

7 47 75 14 50 103 12 124 3 112 
101 83 117 108 26 42 1 78 107 1 
117 8 105 80 85 68 18 110 97 63 
68 100 60 35 66 103 57 75 87 107 
20 53 63 17 88 87 115 16 31 81 
5 79 97 121 40 34 108 84 37 50 
78 48 118 66 41 115 70 44 68 79 
116 47 59 6 33 6 105 53 120 92 
71 19 93 102 8 55 26 2 31 105 
71 117 33 28 76 11 84 106 11 33 

94 92 24 56 70 38 41 117 92 89 
74 60 83 85 109 84 4 73 54 14 
80 28 104 90 70 51 27 123 34 77 
33 119 89 106 86 22 22 26 53 89 
36 80 20 10 45 70 7 46 23 20 
36 96 1 121 85 96 120 116 34 26 
98 99 57 112 103 36 99 13 30 101 
65 8 118 21 14 124 50 75 111 53 
74 39 112 111 59 123 53 121 24 88 
85 113 70 57 94 78 37 2 21 122 

44 81 35 65 123 45 97 13 118 48 
119 112 45 71 67 7 74 119 44 124 
2 62 117 22 72 22 120 123 15 109 
79 123 2 34 77 52 21 88 8 29 
41 92 9 54 43 71 96 68 10 68 
31 45 122 119 45 11 61 7 112 53 
8 105 38 94 49 61 114 52 68 5 
59 112 67 96 1 1 94 16 8 42 
6 27 105 108 116 110 49 46 17 116 
41 23 58 33 24 13 41 110 35 95 

