budget
6365
per_unit_time_cost_of_each_machine
8 14 14 5 10 
job_processing_time_on_each_machine
95 62 93 58 80 
48 22 71 58 7 
36 93 44 71 26 
89 66 49 69 24 
95 54 70 64 52 
43 85 45 67 46 
72 51 42 44 93 
64 87 89 8 15 
63 4 74 88 34 
76 40 37 33 83 
per_unit_time_realse_of_each_job
17
17
23
22
23
14
10
10
19
11
per_unit_setup_time__of_each_machine
2 6 6 9 3 6 8 6 3 4 
5 4 4 5 4 5 8 3 9 1 
4 9 3 4 1 9 4 4 2 9 
9 9 8 6 9 9 3 7 5 8 
5 5 9 9 6 1 2 6 3 3 
6 8 9 6 8 5 3 4 6 3 
5 5 3 4 8 3 6 6 2 8 
2 1 8 6 5 4 7 3 9 3 
3 7 7 3 5 7 4 3 9 7 
2 8 1 4 3 9 3 4 2 9 

8 9 2 1 9 6 2 3 6 7 
7 4 6 7 1 6 9 9 5 8 
1 3 7 2 5 8 6 4 3 5 
5 9 3 5 6 3 9 7 5 2 
2 9 3 4 2 3 8 7 4 3 
3 8 7 4 8 1 8 2 6 7 
1 8 4 9 4 1 2 6 3 3 
6 3 3 2 8 9 6 2 2 2 
4 7 5 5 9 9 4 6 5 1 
3 7 4 9 2 8 1 5 3 5 

1 8 6 5 3 6 6 8 8 9 
6 8 8 1 4 5 7 1 2 1 
4 3 1 6 2 9 9 1 7 9 
7 9 4 7 9 3 7 9 2 8 
1 7 7 8 4 9 3 1 6 1 
6 2 6 6 4 1 4 5 3 7 
3 8 4 3 4 8 9 2 3 1 
9 4 2 7 4 5 6 6 7 1 
6 6 8 4 1 1 9 3 3 2 
7 9 9 9 5 8 7 9 4 7 

3 1 6 7 2 8 4 2 1 2 
4 7 9 8 3 5 5 7 4 3 
9 1 8 4 4 4 2 9 3 8 
8 7 8 5 3 4 6 6 8 2 
8 6 1 7 7 5 5 9 7 5 
1 3 5 4 7 8 8 3 8 7 
8 5 3 9 3 9 6 5 6 6 
8 6 4 5 7 6 6 5 5 9 
3 8 7 2 5 6 6 1 6 2 
9 8 1 4 8 9 6 7 4 5 

2 8 1 9 9 4 5 2 6 4 
9 6 8 5 8 4 2 9 2 3 
6 1 3 5 4 4 9 5 8 7 
4 7 4 5 6 7 5 4 5 1 
3 6 1 2 5 5 7 8 8 9 
3 8 9 1 5 3 2 1 7 4 
7 8 6 7 2 2 7 3 1 8 
4 8 5 9 1 1 1 7 2 7 
4 6 2 2 8 5 1 5 1 1 
1 5 2 8 4 9 3 5 8 8 

