budget
8125
per_unit_time_cost_of_each_machine
12 15 8 14 15 
job_processing_time_on_each_machine
39 20 61 98 19 
88 86 15 64 49 
43 5 52 73 90 
57 86 16 13 85 
40 21 30 64 77 
9 80 78 61 88 
25 90 52 88 82 
29 20 60 59 81 
68 51 77 3 89 
81 66 17 38 42 
28 39 67 34 14 
76 3 88 72 42 
per_unit_time_realse_of_each_job
109
121
112
57
181
31
154
83
4
45
211
51
per_unit_setup_time__of_each_machine
78 31 99 78 65 55 17 61 37 41 84 75 
16 84 5 39 66 83 24 4 86 31 77 85 
22 88 37 53 53 63 69 88 41 24 78 2 
50 54 29 91 47 94 16 76 11 62 92 57 
26 96 3 38 4 40 48 82 8 83 31 11 
40 84 87 41 24 97 79 49 85 26 41 72 
54 21 48 35 52 49 13 96 61 64 73 26 
69 62 81 81 19 7 38 26 59 86 12 31 
18 59 66 7 89 98 39 23 66 65 6 52 
10 10 49 82 72 58 96 59 87 70 33 86 
22 27 32 54 21 24 49 15 34 44 97 71 
46 88 53 29 14 17 10 39 26 92 32 98 

83 84 33 37 30 24 10 58 9 45 82 62 
2 38 53 5 8 27 32 47 16 94 61 29 
49 92 80 16 15 28 39 87 40 81 34 72 
40 59 61 18 92 96 57 23 51 54 25 75 
93 15 20 51 28 99 88 23 47 45 30 13 
62 33 94 53 7 26 53 81 36 6 86 44 
8 54 17 21 92 81 13 56 71 48 14 6 
86 71 6 71 2 62 73 68 26 11 68 56 
74 25 39 95 6 72 32 76 13 20 25 51 
19 13 9 42 39 5 60 45 64 61 33 93 
31 68 17 31 36 46 79 19 53 23 37 52 
9 52 88 15 84 35 38 17 94 26 57 83 

19 93 3 12 7 8 34 68 75 18 67 58 
95 10 91 23 75 95 90 99 77 26 93 16 
23 72 10 29 59 84 43 90 53 60 82 59 
34 30 22 34 94 2 28 18 75 55 17 6 
96 57 38 93 17 55 36 99 51 39 89 12 
22 33 5 33 9 82 37 49 35 34 57 85 
74 44 96 86 21 22 15 70 90 50 15 2 
2 87 47 41 14 79 28 94 63 4 21 40 
72 75 3 50 71 10 44 81 18 7 71 49 
52 33 89 73 57 60 56 98 79 56 6 76 
76 69 68 17 37 14 22 99 53 85 8 45 
76 30 37 37 53 82 44 2 56 95 92 34 

16 98 90 71 70 74 39 2 27 20 53 32 
68 59 84 61 81 95 82 24 57 54 35 27 
28 99 7 49 93 3 25 30 8 16 45 12 
65 46 20 73 75 75 21 96 53 28 29 33 
11 23 54 84 89 25 85 88 15 21 45 5 
99 30 31 97 98 95 43 26 28 54 69 4 
54 17 6 80 61 84 26 78 15 17 41 36 
24 69 82 13 5 43 42 92 76 38 5 35 
72 57 7 25 95 68 53 67 16 59 42 61 
33 86 91 27 91 64 64 96 80 97 64 56 
13 98 80 45 3 71 84 96 37 51 50 33 
71 42 87 97 36 49 57 27 81 67 89 61 

58 83 40 92 52 8 21 28 76 52 35 5 
26 61 58 97 22 65 91 83 37 14 31 86 
13 72 78 74 90 49 29 29 55 29 80 61 
6 78 85 4 51 4 84 22 65 20 58 13 
78 21 39 15 43 7 92 87 64 44 27 9 
17 40 66 33 46 90 95 49 76 75 38 14 
21 88 95 59 16 47 66 77 80 73 4 79 
12 26 25 11 32 16 25 47 87 30 7 36 
13 87 90 12 73 47 8 49 84 75 40 85 
40 23 8 83 20 14 88 37 38 64 32 27 
79 75 87 14 5 91 99 63 63 82 70 13 
75 27 69 58 68 67 80 82 74 17 58 82 

