budget
5091
per_unit_time_cost_of_each_machine
14 10 5 9 9 
job_processing_time_on_each_machine
91 35 16 60 54 
69 40 17 69 58 
95 89 10 22 71 
11 37 54 81 9 
7 17 16 46 91 
45 55 45 59 97 
75 88 84 30 50 
90 85 36 68 19 
7 31 20 32 11 
21 35 61 9 30 
per_unit_time_realse_of_each_job
27
12
80
21
81
44
89
6
58
35
per_unit_setup_time__of_each_machine
60 45 46 66 33 81 36 12 16 8 
82 53 70 41 68 90 94 61 93 63 
19 2 33 57 8 27 65 91 58 42 
41 37 74 34 48 68 44 49 61 30 
88 22 47 2 93 69 74 39 24 36 
44 97 2 44 63 87 70 2 66 83 
7 33 47 33 17 92 73 98 80 20 
50 56 61 87 11 92 67 18 8 44 
67 11 70 92 52 51 5 64 51 58 
9 73 73 27 64 19 13 21 98 7 

65 97 59 90 98 84 10 99 41 11 
71 71 5 19 39 20 23 39 84 88 
19 64 72 10 88 11 15 10 95 93 
79 90 79 12 79 35 73 65 57 45 
26 92 3 82 25 71 1 2 23 48 
59 59 53 58 14 88 41 89 52 13 
10 51 62 94 65 12 38 85 70 55 
59 98 89 33 74 36 29 45 90 6 
28 37 21 71 43 49 77 52 80 93 
66 39 10 12 73 9 26 67 93 37 

82 49 99 75 61 20 93 89 21 92 
32 48 65 90 1 17 84 19 93 87 
13 72 80 88 55 60 24 73 21 74 
41 80 11 16 52 37 29 64 97 94 
20 39 25 87 28 10 56 85 84 23 
75 33 9 98 51 65 21 57 14 73 
69 46 11 3 69 93 68 93 40 1 
66 99 52 78 62 36 62 25 86 64 
60 86 19 70 92 65 73 66 84 36 
22 39 50 22 66 90 76 97 90 99 

1 84 5 52 53 78 14 46 80 81 
23 35 39 7 8 28 52 91 73 87 
41 98 14 50 3 58 5 22 65 9 
42 59 76 92 61 95 69 76 40 21 
49 50 28 78 53 53 5 84 33 12 
11 19 87 18 40 32 25 38 57 77 
73 82 32 23 94 23 11 68 55 85 
80 10 96 23 3 72 49 68 64 61 
40 87 82 50 33 43 34 58 75 63 
93 34 51 48 50 86 37 95 67 9 

72 87 63 8 10 13 79 89 79 64 
19 29 37 99 17 66 98 92 15 46 
69 59 11 60 56 4 76 93 51 55 
77 51 96 39 97 59 35 57 27 98 
9 28 89 4 48 54 79 49 10 56 
83 63 83 71 46 27 58 21 73 35 
37 65 24 26 11 63 80 52 78 12 
49 71 9 15 78 52 56 73 69 78 
6 98 31 24 52 68 68 99 34 41 
83 49 60 13 21 60 7 62 90 25 

