budget
4329
per_unit_time_cost_of_each_machine
6 5 3 11 7 
job_processing_time_on_each_machine
24 92 31 73 60 
37 10 96 32 47 
56 61 99 35 4 
28 66 81 4 95 
95 51 25 28 80 
93 86 97 18 6 
16 41 10 90 92 
94 85 9 43 91 
38 44 85 32 63 
71 59 73 24 57 
41 56 97 98 9 
34 49 96 19 94 
per_unit_time_realse_of_each_job
25
13
12
15
26
11
23
6
1
3
7
10
per_unit_setup_time__of_each_machine
42 22 32 72 51 33 27 96 90 80 16 68 
51 88 77 50 6 3 36 50 44 72 43 60 
90 83 15 45 73 36 59 36 76 71 99 48 
42 67 45 66 34 20 92 19 58 85 15 4 
32 41 32 55 5 28 14 38 24 23 1 55 
44 21 4 47 75 53 74 71 68 44 81 48 
33 21 14 48 83 75 33 23 22 8 85 45 
29 29 24 47 90 71 23 56 35 75 39 87 
86 4 29 5 27 52 42 5 71 96 13 39 
48 68 83 33 75 75 61 4 41 78 49 48 
82 29 57 3 50 68 33 29 67 29 19 54 
70 5 63 96 48 35 2 25 35 90 51 55 

4 84 8 62 27 98 92 2 2 68 57 2 
49 91 86 42 81 7 86 71 15 35 20 80 
67 95 80 80 83 97 56 7 29 49 56 95 
29 34 93 61 56 36 67 3 54 57 36 92 
4 87 53 58 32 99 16 10 45 6 33 33 
94 63 50 4 78 57 26 31 50 53 29 78 
67 47 11 5 43 2 52 46 21 92 31 63 
54 76 96 34 3 70 27 53 28 81 20 59 
91 65 16 36 52 43 5 1 63 91 98 54 
57 79 39 60 25 16 11 81 73 64 36 99 
77 64 14 60 4 71 88 79 19 3 13 31 
56 16 65 77 82 27 25 41 95 71 36 93 

20 25 73 51 40 84 44 51 10 32 31 20 
99 71 15 71 15 72 87 80 44 3 88 47 
72 86 68 6 14 76 17 2 17 55 79 63 
65 81 67 31 52 91 97 42 54 43 84 38 
50 46 92 94 56 58 87 51 88 75 91 34 
33 17 90 34 38 17 76 51 19 22 83 75 
66 35 21 89 62 70 28 77 97 71 69 32 
90 58 6 26 99 68 42 58 28 39 98 38 
17 89 93 97 31 89 6 19 25 21 89 66 
82 58 1 88 46 63 39 99 8 3 25 3 
81 14 53 58 34 7 17 59 90 30 47 31 
89 95 82 93 7 85 77 27 31 34 99 63 

90 14 9 50 25 11 61 13 18 31 40 60 
49 8 59 40 11 60 39 26 41 71 96 28 
3 33 42 69 82 46 51 90 34 80 72 79 
21 23 63 84 4 11 1 36 27 53 66 18 
38 78 50 8 94 67 62 47 10 42 29 41 
72 65 18 59 91 98 6 36 32 4 14 39 
43 16 25 9 83 75 24 28 39 54 51 44 
19 61 33 73 40 61 62 37 93 83 97 52 
86 71 69 12 54 40 32 97 48 84 78 43 
90 26 42 5 92 27 95 51 35 47 94 26 
9 11 56 95 1 17 23 50 52 77 8 47 
44 37 70 78 43 21 16 54 81 82 70 75 

86 9 18 92 33 45 63 19 43 84 4 5 
6 1 57 31 30 64 51 29 17 27 16 94 
59 5 76 3 50 40 91 66 18 84 41 77 
55 95 96 67 81 48 88 1 81 92 2 69 
71 51 13 88 47 59 89 58 38 87 80 96 
47 19 25 1 91 13 72 64 8 58 81 80 
70 38 71 61 60 75 91 35 38 32 91 8 
68 6 46 77 29 92 36 88 85 60 20 97 
24 19 1 56 53 20 40 63 62 62 4 18 
32 48 94 98 1 69 70 15 74 64 78 56 
94 12 35 81 35 27 63 74 40 4 2 3 
15 85 31 21 25 1 18 42 46 36 16 24 

