budget
4809
per_unit_time_cost_of_each_machine
9 4 11 10 15 
job_processing_time_on_each_machine
1 70 36 88 91 
11 88 58 52 56 
38 26 97 24 21 
59 16 3 35 36 
39 53 68 14 61 
41 54 73 59 46 
53 48 19 91 44 
56 99 4 34 33 
60 63 77 78 59 
70 10 40 49 44 
per_unit_time_realse_of_each_job
1
23
22
16
15
1
36
39
30
34
per_unit_setup_time__of_each_machine
35 42 33 45 31 9 26 13 13 55 
74 2 39 76 31 91 33 1 89 19 
62 11 47 93 50 46 50 45 65 77 
98 79 84 18 50 93 7 90 54 12 
46 98 87 9 44 13 24 62 4 33 
79 19 69 43 98 8 94 1 10 79 
80 91 14 18 63 91 25 99 98 50 
62 32 47 63 61 64 11 34 44 9 
91 83 6 32 64 27 42 87 5 64 
3 32 85 5 55 14 56 79 92 42 

46 48 42 66 99 75 92 52 61 51 
33 70 50 66 6 23 26 97 53 88 
84 11 80 26 90 47 99 15 84 89 
93 72 70 94 47 37 21 56 86 30 
2 22 97 10 69 88 25 30 21 36 
61 94 66 13 2 52 94 1 80 95 
5 32 77 14 80 41 86 84 62 29 
61 27 23 47 1 13 69 59 20 59 
98 71 57 5 20 39 39 74 82 93 
91 50 8 12 6 59 63 89 34 70 

10 6 39 41 98 80 64 82 11 79 
54 94 90 78 92 45 49 53 72 30 
18 98 85 98 16 30 47 75 99 88 
17 81 84 4 54 44 89 19 71 47 
82 51 5 84 15 75 77 59 89 18 
89 25 54 37 74 75 87 85 80 4 
46 34 26 23 41 32 53 83 37 6 
65 58 11 70 51 57 74 36 79 17 
15 91 88 41 28 76 29 44 19 74 
94 51 47 68 9 24 68 96 86 70 

70 34 45 87 57 33 87 6 56 71 
27 7 31 31 77 29 56 32 80 86 
35 88 86 99 32 78 75 36 90 5 
18 94 4 39 72 26 16 27 18 1 
31 47 10 39 79 87 75 12 47 66 
20 7 98 17 64 6 15 3 91 30 
64 55 19 16 30 8 67 89 15 43 
52 79 51 70 72 48 34 13 7 83 
85 85 95 31 6 47 43 93 91 22 
85 1 84 46 71 65 31 73 8 18 

18 65 13 56 60 99 25 90 6 50 
8 16 48 46 17 8 87 61 49 60 
44 65 43 63 75 73 63 45 74 12 
34 67 25 72 29 14 80 35 31 41 
38 45 24 44 90 50 53 7 8 39 
17 77 39 11 9 57 99 27 98 30 
9 51 42 19 66 46 42 7 20 28 
15 98 9 37 11 81 56 48 31 20 
67 58 92 84 28 81 89 41 51 96 
83 69 67 62 92 78 9 60 99 63 

