budget
911
per_unit_time_cost_of_each_machine
4 3 5 12 7 
job_processing_time_on_each_machine
90 49 33 54 72 
23 59 19 64 3 
84 48 9 68 21 
66 55 32 59 82 
18 6 5 34 64 
69 80 75 9 13 
82 5 53 85 26 
3 9 39 91 98 
54 5 5 90 84 
64 69 72 86 2 
per_unit_time_realse_of_each_job
11
22
61
47
94
41
119
100
40
40
per_unit_setup_time__of_each_machine
36 22 43 9 47 28 5 22 16 24 
38 26 5 36 12 1 43 22 35 15 
8 20 8 5 33 21 35 37 4 2 
26 11 32 18 35 5 19 18 38 21 
15 6 16 45 1 33 39 13 45 25 
35 32 48 7 8 9 32 44 41 48 
5 47 6 26 22 1 38 26 18 2 
6 26 40 47 10 5 30 10 1 13 
18 49 2 18 1 23 33 5 20 40 
47 19 39 21 31 28 28 5 37 26 

6 42 28 16 43 40 28 27 22 31 
45 3 27 42 13 3 43 1 41 39 
23 10 34 37 36 13 7 45 37 39 
25 42 30 22 1 19 7 3 18 33 
27 12 5 37 7 25 30 5 29 44 
22 27 39 37 27 4 19 18 3 47 
5 38 11 34 34 38 48 7 13 36 
2 13 45 15 3 12 45 29 23 34 
9 22 38 44 40 45 8 13 1 27 
49 16 13 45 41 32 27 44 28 4 

16 33 39 3 23 45 23 35 33 4 
26 19 42 49 18 11 22 30 5 44 
14 46 22 25 25 21 16 48 47 28 
19 21 33 10 9 1 44 25 33 19 
44 15 15 34 3 44 12 47 15 15 
16 23 28 28 38 3 22 9 8 45 
46 43 4 39 14 29 23 36 41 8 
5 43 27 10 27 14 22 10 4 40 
43 43 47 47 47 3 49 26 12 17 
6 7 27 23 27 2 47 45 21 12 

28 16 29 26 1 45 49 26 29 37 
7 41 39 14 8 47 15 46 30 16 
21 38 23 35 22 9 15 31 16 10 
20 24 44 27 34 11 34 26 24 12 
16 28 9 42 48 8 9 28 42 39 
18 45 30 29 15 42 17 11 10 25 
41 24 12 43 6 14 1 24 45 36 
4 29 32 25 24 38 9 20 38 48 
42 42 28 12 34 46 22 14 4 16 
28 49 4 1 40 12 20 15 46 15 

36 41 30 37 5 40 17 49 12 10 
7 43 36 25 2 8 12 8 24 42 
13 35 29 47 20 41 2 28 22 2 
40 39 43 47 10 3 15 3 31 4 
30 7 42 5 22 22 17 12 42 18 
29 42 34 19 6 24 41 10 14 4 
19 24 40 40 4 47 1 27 24 35 
45 27 27 18 23 32 14 14 19 46 
24 18 30 39 8 49 44 30 7 17 
1 17 15 40 21 40 37 8 23 18 

