budget
1592
per_unit_time_cost_of_each_machine
5 12 5 6 10 
job_processing_time_on_each_machine
22 67 78 5 89 
70 77 82 20 6 
36 89 36 15 36 
99 85 91 42 37 
98 87 19 5 35 
64 11 23 10 99 
67 56 51 5 19 
63 79 67 86 60 
63 85 40 26 42 
72 88 29 66 30 
per_unit_time_realse_of_each_job
25
16
20
14
39
49
11
6
7
20
per_unit_setup_time__of_each_machine
9 4 6 6 1 9 9 6 3 3 
6 2 9 6 2 4 8 1 8 7 
5 4 6 7 7 9 4 6 6 8 
9 8 2 7 1 9 9 8 5 5 
1 6 6 1 8 4 8 1 7 9 
5 7 7 8 4 7 4 3 9 4 
7 9 3 9 2 5 4 7 3 2 
5 2 4 7 6 4 4 9 9 6 
6 4 6 7 3 5 7 7 4 2 
6 3 9 9 7 2 1 8 6 5 

7 9 2 8 4 2 2 2 7 7 
3 9 3 1 6 8 3 4 9 2 
4 9 1 5 4 4 6 6 3 5 
6 7 9 7 1 8 2 5 5 4 
2 4 3 7 1 3 4 4 8 8 
9 2 2 5 1 1 4 4 9 8 
1 8 4 9 3 6 7 9 3 6 
3 9 4 7 6 1 8 4 6 5 
4 7 8 5 6 8 9 3 4 8 
9 6 3 9 7 3 8 8 8 5 

4 7 8 6 3 8 3 1 5 6 
1 2 8 1 6 6 5 9 9 9 
2 2 6 3 1 8 9 1 5 4 
1 2 5 7 8 9 3 5 7 7 
2 5 3 1 1 9 5 2 3 9 
6 9 1 6 7 5 6 5 9 3 
9 2 8 9 9 2 8 6 6 1 
8 9 5 9 4 3 5 6 6 6 
9 5 9 2 3 8 9 5 9 5 
8 2 7 4 1 3 5 3 4 3 

4 8 4 5 1 8 1 4 7 6 
2 1 6 8 6 2 7 6 4 8 
7 8 6 3 9 9 3 3 8 9 
1 9 3 7 4 2 2 1 3 1 
6 5 4 8 1 1 6 6 9 8 
5 2 2 6 6 8 7 9 3 9 
2 7 5 3 9 1 5 6 2 9 
7 7 5 1 5 6 7 6 6 9 
6 3 6 2 8 3 8 1 7 1 
8 3 7 6 4 3 8 9 8 3 

4 6 6 9 4 9 9 5 1 8 
9 8 9 6 2 4 4 1 6 3 
8 1 8 9 7 8 6 2 1 1 
2 8 9 9 7 9 6 5 7 9 
1 7 3 2 9 8 5 1 1 7 
1 4 1 7 8 8 6 4 5 8 
5 9 3 3 2 4 3 1 5 8 
5 4 8 6 9 6 4 5 5 7 
9 7 6 3 8 1 9 5 1 9 
4 5 9 7 6 2 3 7 9 4 

