budget
3984
per_unit_time_cost_of_each_machine
4 7 8 9 7 
job_processing_time_on_each_machine
55 74 83 5 7 
18 29 33 52 25 
86 73 42 84 43 
68 81 39 18 41 
6 19 78 85 5 
90 60 38 91 94 
52 59 49 50 55 
95 23 92 76 47 
25 25 57 98 3 
29 14 58 29 54 
per_unit_time_realse_of_each_job
6
48
72
12
31
68
21
81
57
22
per_unit_setup_time__of_each_machine
43 95 79 1 69 61 71 89 13 96 
87 14 93 68 92 41 86 77 69 11 
39 28 96 65 69 91 50 45 60 41 
85 24 53 24 9 97 61 50 85 8 
89 65 32 9 9 82 91 75 47 36 
65 39 46 45 8 49 67 39 37 75 
75 42 77 23 89 54 88 69 39 42 
94 29 86 68 70 16 92 75 1 35 
64 46 48 68 50 70 80 74 61 32 
74 89 32 32 35 20 43 94 69 46 

93 46 42 93 63 12 65 30 38 39 
16 9 35 84 67 31 26 58 34 60 
69 92 72 35 63 97 74 40 20 89 
95 62 84 58 23 1 95 35 74 52 
12 54 77 50 83 61 67 71 21 45 
33 84 34 76 35 68 71 9 62 61 
56 15 10 69 43 56 76 8 86 10 
48 96 51 82 74 68 52 20 88 40 
51 51 91 85 13 75 66 59 27 20 
9 26 5 83 51 22 74 2 84 34 

57 47 42 83 66 68 43 34 6 40 
67 99 8 80 66 61 91 16 65 82 
76 70 74 31 43 41 58 88 53 45 
83 54 51 85 2 46 38 45 62 75 
33 37 39 22 53 26 65 66 74 55 
28 25 38 83 62 38 67 68 61 43 
28 16 52 5 36 6 72 24 18 28 
63 83 42 56 37 86 19 58 40 19 
88 88 48 81 99 65 25 63 98 81 
90 70 18 32 16 83 97 16 95 65 

33 15 19 4 62 80 87 83 13 38 
91 93 81 43 16 55 24 10 62 86 
79 29 74 67 15 91 48 43 47 62 
10 33 79 92 55 44 50 27 17 12 
11 7 67 24 27 82 18 63 42 93 
21 43 72 94 36 37 82 81 70 99 
16 25 51 93 26 26 40 72 77 47 
46 80 61 90 58 5 15 4 37 28 
59 74 91 31 64 95 94 89 55 71 
48 26 59 19 51 25 15 72 88 14 

41 25 95 7 88 5 8 91 61 38 
56 80 53 99 15 5 61 86 70 52 
41 14 96 56 49 90 39 16 57 67 
65 55 60 81 80 18 83 42 2 94 
2 50 51 64 70 99 78 79 93 52 
73 54 17 46 76 81 86 26 41 62 
36 30 80 38 74 69 14 52 11 82 
74 86 95 43 97 31 32 85 15 30 
13 15 20 38 36 91 93 54 88 40 
81 70 11 70 89 71 48 77 5 54 

