budget
1366
per_unit_time_cost_of_each_machine
6 10 3 9 12 
job_processing_time_on_each_machine
9 2 94 34 23 
7 19 3 29 44 
71 60 66 30 46 
61 13 51 79 58 
83 92 54 21 58 
14 75 56 99 5 
65 54 21 43 99 
17 67 77 38 15 
54 43 55 13 54 
64 38 24 42 21 
62 30 17 44 91 
4 6 36 23 19 
per_unit_time_realse_of_each_job
67
27
100
3
39
3
42
91
62
36
102
3
per_unit_setup_time__of_each_machine
8 61 91 75 1 57 63 66 93 38 57 3 
22 27 88 55 4 46 6 80 89 12 91 78 
98 76 40 84 19 39 86 24 24 57 83 18 
73 72 1 24 38 68 41 27 38 1 37 76 
25 92 50 41 81 52 12 18 4 98 27 58 
4 51 96 23 19 70 79 66 67 10 29 40 
16 63 34 5 27 61 25 75 17 10 29 56 
36 27 73 6 64 55 4 85 46 23 16 33 
71 28 76 9 93 3 21 69 42 57 12 1 
67 38 39 71 99 18 61 44 75 37 45 98 
82 23 15 13 91 3 76 27 36 42 17 91 
88 21 47 74 98 69 86 39 63 96 60 91 

62 19 13 79 47 20 98 67 26 61 51 40 
3 70 10 88 43 7 90 21 12 65 75 30 
47 4 24 4 43 34 69 74 67 98 98 98 
21 42 98 86 39 19 50 33 67 43 44 11 
87 1 34 61 39 73 69 16 13 47 36 35 
50 84 40 66 52 29 76 97 84 10 9 43 
38 25 94 12 92 69 3 94 43 89 30 37 
73 16 91 24 97 74 79 37 56 15 48 24 
19 68 54 29 52 60 88 34 9 92 18 58 
8 34 7 49 49 20 9 32 39 99 98 56 
73 40 57 71 52 27 60 13 48 55 86 7 
57 67 92 65 10 23 96 15 67 58 76 96 

20 26 49 91 78 62 46 21 87 86 23 57 
49 56 47 7 90 15 72 3 55 38 76 50 
71 97 56 81 43 92 25 65 43 23 73 17 
61 81 85 38 54 38 75 74 84 73 67 92 
65 56 59 52 25 13 90 14 97 86 66 17 
32 26 65 96 76 14 54 69 74 64 67 37 
63 7 57 64 13 84 85 61 69 72 43 45 
66 69 80 88 60 39 49 40 52 79 7 36 
48 81 8 71 29 52 33 56 73 85 62 23 
15 27 57 17 66 43 65 33 98 16 92 20 
7 94 68 31 41 11 54 43 61 99 1 4 
57 26 30 42 17 52 30 11 88 76 36 73 

94 29 12 27 68 99 65 57 54 71 36 27 
62 11 9 84 88 21 43 7 15 95 94 53 
98 72 44 44 58 40 74 51 64 77 21 94 
38 98 37 65 94 76 13 24 98 4 73 38 
76 84 93 80 75 7 63 56 93 91 39 2 
67 59 21 81 54 18 70 69 96 26 42 13 
88 99 3 80 53 50 42 86 40 14 58 81 
40 43 70 25 51 42 94 18 82 11 17 6 
21 67 93 35 51 28 14 79 69 14 59 11 
56 43 9 29 71 16 88 31 26 16 44 46 
88 40 35 88 90 7 7 73 87 26 63 43 
36 90 78 59 42 76 84 92 54 11 63 67 

29 82 83 5 77 76 13 13 98 85 36 69 
2 92 29 42 51 76 3 99 1 26 62 47 
86 32 22 58 19 15 92 16 47 90 90 42 
56 9 99 31 44 65 16 75 49 48 18 83 
80 88 80 71 22 89 88 53 50 8 67 4 
42 55 81 99 30 1 1 37 50 29 25 11 
61 46 44 79 84 86 7 74 18 15 14 83 
95 63 74 95 53 14 62 80 40 61 9 51 
53 58 53 46 64 92 7 78 56 82 32 14 
84 58 25 2 72 91 65 25 40 68 36 2 
90 47 90 4 47 99 53 11 68 92 38 84 
30 84 57 63 9 14 42 73 46 44 96 63 

