budget
5519
per_unit_time_cost_of_each_machine
12 4 3 6 14 
job_processing_time_on_each_machine
30 20 13 28 11 
92 56 87 1 71 
96 56 65 30 62 
38 91 66 23 88 
22 62 72 46 73 
36 87 48 50 59 
38 72 24 56 96 
26 55 71 8 78 
58 4 87 10 84 
9 88 29 15 56 
per_unit_time_realse_of_each_job
19
14
9
17
2
3
8
6
14
3
per_unit_setup_time__of_each_machine
4 31 35 30 30 47 47 11 18 35 
13 38 10 42 6 20 25 32 7 3 
43 6 7 25 11 24 20 48 35 40 
4 39 29 29 3 27 5 21 7 39 
39 21 47 12 43 32 13 20 10 27 
4 40 35 21 14 41 22 12 16 19 
29 42 27 4 38 4 18 12 11 49 
8 16 37 35 37 9 21 29 9 34 
42 36 49 42 14 18 40 22 4 24 
32 14 41 36 28 22 23 2 26 18 

14 23 20 44 9 42 12 8 7 31 
4 22 10 21 7 37 23 49 33 2 
16 2 46 10 33 9 23 26 27 11 
10 8 49 27 15 36 3 40 41 13 
19 32 10 10 2 8 28 32 18 11 
34 44 35 23 5 38 24 49 37 40 
24 36 12 44 41 10 25 10 24 44 
30 17 18 37 12 31 23 4 37 46 
35 39 11 25 40 48 23 29 5 41 
2 10 14 1 41 4 41 41 12 17 

3 21 33 2 2 47 49 42 32 20 
11 25 10 39 42 45 3 42 19 40 
40 29 49 35 24 40 28 2 27 3 
3 4 44 18 41 36 10 26 29 42 
14 36 48 40 46 40 34 21 4 9 
9 6 2 46 23 41 35 49 42 17 
33 46 47 35 25 37 13 6 23 34 
39 27 7 33 25 29 12 34 1 20 
9 22 49 8 43 20 9 42 5 13 
26 43 16 38 22 36 32 22 23 32 

33 33 24 10 25 48 38 40 28 22 
47 44 43 35 29 34 44 39 46 3 
44 20 21 34 6 16 26 38 21 32 
16 27 30 40 45 37 3 24 27 49 
3 2 1 43 13 14 3 8 5 30 
9 40 43 12 46 36 48 26 35 4 
9 45 29 40 9 13 47 26 10 3 
1 20 40 33 27 7 37 33 48 42 
6 4 20 44 17 49 6 21 18 16 
11 28 6 30 4 47 2 39 17 39 

43 48 19 7 40 49 26 10 17 19 
43 27 15 30 43 1 23 48 16 35 
32 4 27 40 12 36 7 38 49 12 
46 21 33 39 6 49 39 42 28 48 
38 4 14 39 8 16 2 24 33 39 
4 15 15 8 44 39 41 2 49 17 
25 14 8 22 9 47 44 41 29 42 
7 22 18 12 1 8 31 29 16 27 
22 30 13 34 4 42 12 18 12 9 
25 13 48 9 21 14 49 45 46 39 

