budget
2224
per_unit_time_cost_of_each_machine
9 15 5 9 9 
job_processing_time_on_each_machine
56 33 90 55 84 
55 39 54 85 75 
64 46 33 83 16 
77 64 6 59 53 
75 45 50 83 90 
21 92 12 59 29 
50 31 70 96 77 
49 91 48 91 62 
84 61 11 30 3 
30 42 16 56 4 
per_unit_time_realse_of_each_job
49
30
10
31
5
24
61
30
58
24
per_unit_setup_time__of_each_machine
2 9 5 2 4 8 8 3 7 3 
1 6 2 1 5 2 9 9 8 8 
5 2 5 2 1 9 8 8 2 3 
1 3 7 3 1 8 9 7 3 8 
5 1 1 1 8 9 5 9 1 7 
6 4 7 2 6 4 2 8 7 4 
7 2 1 6 9 7 1 4 6 1 
2 8 6 9 3 6 4 4 7 6 
6 3 1 9 4 2 6 8 5 2 
8 5 6 4 7 6 2 8 1 1 

5 4 3 7 6 9 9 6 8 3 
5 1 3 7 4 5 6 3 2 2 
9 1 8 4 7 6 4 1 4 1 
5 7 2 7 2 8 9 4 1 1 
8 7 3 9 6 2 5 4 1 3 
2 4 3 8 4 6 1 2 8 4 
5 1 2 2 2 5 7 3 4 4 
2 7 5 6 1 5 5 5 3 9 
2 5 2 5 6 7 9 6 5 5 
4 7 6 5 2 4 1 7 6 8 

8 3 6 4 8 3 1 1 8 4 
7 3 9 6 9 2 2 1 1 6 
3 1 4 5 2 2 7 1 2 1 
7 2 6 2 6 3 5 3 2 6 
7 5 3 2 3 1 6 1 5 1 
7 8 9 7 8 1 2 4 2 8 
1 5 7 9 5 7 7 6 4 3 
5 7 4 4 8 1 4 7 1 4 
9 1 5 9 7 4 3 7 7 2 
5 7 3 7 3 9 4 1 1 4 

7 9 7 2 4 9 7 8 4 9 
3 4 5 5 4 5 7 9 2 3 
3 3 8 9 8 1 8 5 4 6 
7 5 6 8 7 1 1 8 4 3 
8 5 6 8 6 7 4 9 5 3 
9 3 9 3 7 2 7 9 8 2 
4 7 6 2 6 8 9 6 6 2 
4 5 4 2 8 4 7 2 6 7 
2 6 2 5 4 3 4 2 3 7 
6 7 2 1 7 9 4 6 1 7 

3 1 7 2 6 8 6 5 7 4 
6 3 8 6 7 9 4 9 3 3 
3 2 3 3 1 9 7 7 7 9 
4 8 6 4 7 9 6 8 3 4 
1 7 4 7 9 6 1 7 8 2 
1 7 1 6 1 9 5 9 4 6 
2 4 5 4 6 9 3 9 2 4 
9 2 2 8 6 3 8 3 2 7 
5 9 2 3 4 7 8 7 6 5 
4 8 1 2 4 1 7 7 6 6 

