budget
2129
per_unit_time_cost_of_each_machine
12 10 8 15 9 
job_processing_time_on_each_machine
45 44 98 3 77 
70 77 39 41 21 
26 99 99 20 93 
40 51 56 12 99 
4 42 78 57 82 
93 34 64 44 56 
27 60 67 39 60 
9 99 48 15 17 
17 98 57 96 93 
1 16 35 18 90 
per_unit_time_realse_of_each_job
47
160
171
159
181
27
140
117
22
4
per_unit_setup_time__of_each_machine
39 33 46 14 22 32 43 12 11 48 
14 39 42 6 10 34 19 32 14 31 
5 15 35 27 38 5 21 43 30 20 
23 47 22 42 28 18 17 28 2 12 
43 3 19 1 49 14 10 33 26 40 
43 12 41 28 40 39 2 48 45 5 
23 5 5 11 11 1 46 34 19 25 
21 47 22 43 14 22 4 24 35 24 
38 49 14 31 15 26 9 6 25 26 
21 36 43 23 39 4 6 8 37 5 

48 32 20 41 34 12 23 29 48 16 
3 3 25 35 34 19 48 20 17 46 
8 26 39 27 33 16 19 29 6 22 
32 40 33 11 9 36 3 8 4 17 
34 35 19 3 17 15 11 40 13 25 
19 32 23 48 41 41 25 47 45 40 
24 36 39 31 34 41 22 16 5 15 
38 35 44 43 12 8 36 20 11 39 
9 42 37 8 23 25 12 39 38 38 
19 28 29 41 23 26 20 41 42 24 

1 2 45 29 43 44 46 15 5 21 
14 3 21 32 34 42 8 9 1 48 
22 34 21 17 9 46 36 26 26 5 
4 5 9 34 39 36 3 3 20 19 
19 32 32 49 28 40 4 16 45 13 
27 29 22 47 1 35 42 10 18 41 
24 8 43 39 42 8 11 11 16 26 
20 3 18 17 41 41 28 17 30 48 
1 35 36 20 40 43 47 9 14 33 
27 24 5 49 43 33 46 8 32 15 

21 49 38 35 12 7 49 8 42 15 
1 31 29 6 45 42 36 2 32 37 
41 7 22 31 3 36 49 29 24 38 
39 16 35 47 11 23 16 44 5 23 
33 14 34 45 26 39 31 23 16 5 
3 34 9 37 36 29 23 11 3 33 
10 22 40 49 14 23 24 48 33 43 
34 5 46 23 41 45 47 45 45 31 
3 12 24 13 25 21 49 23 28 32 
31 35 24 45 39 8 15 45 35 42 

6 2 31 49 11 15 36 49 28 47 
24 6 4 37 42 34 2 32 37 14 
49 2 47 29 49 39 6 1 30 21 
4 23 36 38 46 23 1 41 12 46 
40 11 25 27 9 35 45 46 25 33 
4 21 16 33 2 29 23 7 2 18 
34 49 29 32 46 31 8 48 34 30 
28 43 45 22 32 34 28 36 22 2 
33 44 22 7 49 8 37 40 33 45 
16 45 35 43 6 26 17 6 35 29 

